198.0000,214.0000,34.0000,81.0000
198.0000,213.0000,34.0000,81.0000
194.0000,213.0000,34.0000,81.0000
194.0000,218.0000,33.3333,79.4118
190.0000,221.0000,34.6800,82.6200
190.0000,221.0000,34.0000,81.0000
187.0000,229.0000,31.4107,74.8315
188.0000,233.0000,30.7948,73.3642
188.0000,235.0000,29.5990,70.5154
187.0000,237.0000,31.4107,74.8315
187.0000,236.0000,32.0390,76.3281
191.0000,236.0000,32.0390,76.3281
195.0000,236.0000,32.0390,76.3281
195.0000,233.0000,31.4107,74.8315
200.0000,229.0000,30.7948,73.3642
204.0000,229.0000,30.7948,73.3642
203.0000,228.0000,32.0390,76.3281
204.0000,225.0000,30.7948,73.3642
204.0000,221.0000,30.7948,73.3642
207.0000,221.0000,31.4107,74.8315
207.0000,219.0000,32.6797,77.8547
211.0000,223.0000,32.6797,77.8547
215.0000,224.0000,32.0390,76.3281
218.0000,226.0000,33.3333,79.4118
218.0000,230.0000,34.0000,81.0000
222.0000,230.0000,33.3333,79.4118
226.0000,234.0000,33.3333,79.4118
230.0000,234.0000,33.3333,79.4118
234.0000,234.0000,34.0000,81.0000
238.0000,233.0000,34.6800,82.6200
241.0000,231.0000,36.0811,85.9578
249.0000,230.0000,36.8027,87.6770
253.0000,227.0000,36.0811,85.9578
257.0000,228.0000,35.3736,84.2724
261.0000,228.0000,35.3736,84.2724
265.0000,228.0000,35.3736,84.2724
269.0000,228.0000,35.3736,84.2724
270.0000,230.0000,34.0000,81.0000
275.0000,231.0000,32.6797,77.8547
279.0000,235.0000,32.6797,77.8547
282.0000,238.0000,34.0000,81.0000
286.0000,238.0000,34.0000,81.0000
290.0000,238.0000,33.3333,79.4118
291.0000,239.0000,32.6797,77.8547
290.0000,238.0000,33.3333,79.4118
290.0000,238.0000,34.0000,81.0000
290.0000,238.0000,34.0000,81.0000
290.0000,238.0000,34.0000,81.0000
290.0000,234.0000,33.3333,79.4118
286.0000,234.0000,33.3333,79.4118
286.0000,234.0000,33.3333,79.4118
286.0000,234.0000,34.0000,81.0000
282.0000,233.0000,34.6800,82.6200
281.0000,232.0000,35.3736,84.2724
281.0000,232.0000,35.3736,84.2724
282.0000,229.0000,34.6800,82.6200
278.0000,230.0000,33.3333,79.4118
279.0000,235.0000,32.6797,77.8547
275.0000,235.0000,32.6797,77.8547
275.0000,236.0000,32.0390,76.3281
270.0000,234.0000,33.3333,79.4118
267.0000,235.0000,32.6797,77.8547
267.0000,239.0000,32.6797,77.8547
267.0000,244.0000,32.0390,76.3281
259.0000,247.0000,32.6797,77.8547
255.0000,247.0000,32.6797,77.8547
251.0000,245.0000,31.4107,74.8315
248.0000,245.0000,30.7948,73.3642
244.0000,249.0000,30.7948,73.3642
240.0000,249.0000,30.7948,73.3642
236.0000,249.0000,30.7948,73.3642
232.0000,245.0000,30.7948,73.3642
224.0000,241.0000,30.7948,73.3642
215.0000,236.0000,32.0390,76.3281
208.0000,237.0000,30.7948,73.3642
199.0000,237.0000,31.4107,74.8315
192.0000,237.0000,30.7948,73.3642
188.0000,237.0000,30.7948,73.3642
184.0000,241.0000,30.7948,73.3642
176.0000,245.0000,30.7948,73.3642
168.0000,241.0000,30.7948,73.3642
164.0000,241.0000,30.7948,73.3642
156.0000,237.0000,30.7948,73.3642
152.0000,233.0000,30.7948,73.3642
148.0000,233.0000,30.7948,73.3642
143.0000,233.0000,31.4107,74.8315
140.0000,233.0000,30.7948,73.3642
136.0000,235.0000,29.5990,70.5154
136.0000,235.0000,29.0187,69.1327
132.0000,239.0000,29.0187,69.1327
128.0000,235.0000,29.0187,69.1327
129.0000,236.0000,28.4497,67.7772
124.0000,231.0000,29.0187,69.1327
120.0000,231.0000,29.0187,69.1327
120.0000,227.0000,29.0187,69.1327
120.0000,223.0000,29.5990,70.5154
120.0000,222.0000,30.1910,71.9257
120.0000,222.0000,30.1910,71.9257
120.0000,222.0000,30.1910,71.9257
120.0000,222.0000,30.1910,71.9257
120.0000,222.0000,30.1910,71.9257
120.0000,222.0000,30.1910,71.9257
120.0000,217.0000,30.7948,73.3642
124.0000,213.0000,30.7948,73.3642
124.0000,213.0000,30.7948,73.3642
123.0000,209.0000,31.4107,74.8315
127.0000,209.0000,31.4107,74.8315
131.0000,209.0000,31.4107,74.8315
135.0000,209.0000,31.4107,74.8315
140.0000,209.0000,30.7948,73.3642
143.0000,209.0000,31.4107,74.8315
147.0000,209.0000,31.4107,74.8315
152.0000,209.0000,30.7948,73.3642
156.0000,206.0000,30.1910,71.9257
156.0000,203.0000,29.5990,70.5154
160.0000,197.0000,30.7948,73.3642
163.0000,197.0000,31.4107,74.8315
167.0000,196.0000,32.0390,76.3281
171.0000,196.0000,32.0390,76.3281
175.0000,195.0000,32.6797,77.8547
179.0000,196.0000,32.0390,76.3281
183.0000,196.0000,32.0390,76.3281
183.0000,196.0000,32.0390,76.3281
187.0000,192.0000,32.0390,76.3281
187.0000,192.0000,32.0390,76.3281
191.0000,189.0000,31.4107,74.8315
195.0000,185.0000,31.4107,74.8315
200.0000,185.0000,30.7948,73.3642
200.0000,185.0000,30.7948,73.3642
204.0000,186.0000,30.1910,71.9257
208.0000,190.0000,30.1910,71.9257
208.0000,190.0000,30.1910,71.9257
212.0000,185.0000,30.7948,73.3642
212.0000,185.0000,30.7948,73.3642
215.0000,181.0000,31.4107,74.8315
215.0000,177.0000,31.4107,74.8315
216.0000,177.0000,30.7948,73.3642
220.0000,177.0000,30.7948,73.3642
219.0000,176.0000,32.0390,76.3281
219.0000,176.0000,32.0390,76.3281
219.0000,176.0000,32.0390,76.3281
219.0000,176.0000,32.0390,76.3281
223.0000,175.0000,32.6797,77.8547
222.0000,174.0000,33.3333,79.4118
222.0000,170.0000,34.0000,81.0000
225.0000,164.0000,35.3736,84.2724
225.0000,164.0000,35.3736,84.2724
229.0000,164.0000,35.3736,84.2724
230.0000,165.0000,34.6800,82.6200
230.0000,165.0000,34.6800,82.6200
233.0000,164.0000,35.3736,84.2724
238.0000,165.0000,34.6800,82.6200
238.0000,170.0000,34.0000,81.0000
242.0000,170.0000,34.0000,81.0000
242.0000,169.0000,34.6800,82.6200
245.0000,164.0000,35.3736,84.2724
245.0000,164.0000,35.3736,84.2724
249.0000,160.0000,35.3736,84.2724
249.0000,160.0000,35.3736,84.2724
253.0000,160.0000,35.3736,84.2724
254.0000,161.0000,34.6800,82.6200
254.0000,161.0000,34.6800,82.6200
254.0000,162.0000,34.0000,81.0000
258.0000,162.0000,34.0000,81.0000
262.0000,158.0000,33.3333,79.4118
263.0000,159.0000,32.6797,77.8547
267.0000,159.0000,32.6797,77.8547
267.0000,159.0000,32.6797,77.8547
271.0000,160.0000,32.0390,76.3281
275.0000,161.0000,31.4107,74.8315
275.0000,160.0000,32.0390,76.3281
279.0000,160.0000,32.0390,76.3281
279.0000,163.0000,32.6797,77.8547
279.0000,163.0000,32.6797,77.8547
282.0000,162.0000,33.3333,79.4118
282.0000,158.0000,33.3333,79.4118
283.0000,159.0000,32.6797,77.8547
283.0000,159.0000,32.6797,77.8547
283.0000,159.0000,32.6797,77.8547
283.0000,159.0000,32.6797,77.8547
283.0000,159.0000,32.6797,77.8547
283.0000,160.0000,32.0390,76.3281
283.0000,156.0000,32.0390,76.3281
283.0000,157.0000,31.4107,74.8315
283.0000,157.0000,31.4107,74.8315
283.0000,157.0000,31.4107,74.8315
283.0000,156.0000,32.0390,76.3281
283.0000,156.0000,32.0390,76.3281
283.0000,156.0000,32.0390,76.3281
283.0000,156.0000,32.0390,76.3281
283.0000,157.0000,31.4107,74.8315
284.0000,161.0000,30.7948,73.3642
284.0000,161.0000,30.7948,73.3642
284.0000,166.0000,30.1910,71.9257
284.0000,166.0000,30.1910,71.9257
284.0000,167.0000,29.5990,70.5154
284.0000,167.0000,29.0187,69.1327
284.0000,167.0000,29.0187,69.1327
284.0000,167.0000,29.0187,69.1327
285.0000,168.0000,28.4497,67.7772
285.0000,168.0000,28.4497,67.7772
285.0000,168.0000,28.4497,67.7772
285.0000,168.0000,28.4497,67.7772
285.0000,168.0000,28.4497,67.7772
289.0000,168.0000,28.4497,67.7772
289.0000,168.0000,28.4497,67.7772
288.0000,167.0000,29.0187,69.1327
288.0000,171.0000,29.0187,69.1327
288.0000,171.0000,29.0187,69.1327
288.0000,175.0000,29.0187,69.1327
288.0000,175.0000,29.0187,69.1327
288.0000,175.0000,29.0187,69.1327
284.0000,175.0000,29.0187,69.1327
284.0000,175.0000,29.0187,69.1327
284.0000,175.0000,29.0187,69.1327
284.0000,175.0000,29.0187,69.1327
284.0000,175.0000,29.0187,69.1327
280.0000,175.0000,29.5990,70.5154
280.0000,175.0000,29.5990,70.5154
280.0000,175.0000,29.5990,70.5154
280.0000,175.0000,29.5990,70.5154
280.0000,179.0000,29.5990,70.5154
280.0000,183.0000,29.5990,70.5154
276.0000,187.0000,29.5990,70.5154
276.0000,187.0000,29.5990,70.5154
276.0000,187.0000,29.5990,70.5154
276.0000,187.0000,29.0187,69.1327
273.0000,188.0000,28.4497,67.7772
273.0000,188.0000,28.4497,67.7772
269.0000,188.0000,28.4497,67.7772
269.0000,188.0000,28.4497,67.7772
265.0000,188.0000,28.4497,67.7772
265.0000,188.0000,28.4497,67.7772
261.0000,188.0000,28.4497,67.7772
260.0000,187.0000,29.0187,69.1327
256.0000,187.0000,29.0187,69.1327
252.0000,187.0000,29.0187,69.1327
252.0000,191.0000,29.0187,69.1327
252.0000,195.0000,29.0187,69.1327
248.0000,195.0000,29.0187,69.1327
249.0000,200.0000,28.4497,67.7772
245.0000,200.0000,28.4497,67.7772
245.0000,200.0000,28.4497,67.7772
241.0000,200.0000,28.4497,67.7772
240.0000,199.0000,29.0187,69.1327
236.0000,199.0000,29.5990,70.5154
232.0000,198.0000,30.1910,71.9257
232.0000,197.0000,30.7948,73.3642
227.0000,197.0000,31.4107,74.8315
227.0000,197.0000,31.4107,74.8315
224.0000,197.0000,30.7948,73.3642
224.0000,193.0000,30.7948,73.3642
220.0000,193.0000,30.7948,73.3642
220.0000,193.0000,30.7948,73.3642
220.0000,197.0000,30.7948,73.3642
216.0000,197.0000,30.7948,73.3642
215.0000,201.0000,31.4107,74.8315
215.0000,201.0000,31.4107,74.8315
215.0000,200.0000,32.0390,76.3281
211.0000,200.0000,32.0390,76.3281
207.0000,199.0000,32.6797,77.8547
207.0000,199.0000,32.6797,77.8547
202.0000,202.0000,33.3333,79.4118
202.0000,202.0000,33.3333,79.4118
198.0000,202.0000,33.3333,79.4118
198.0000,202.0000,33.3333,79.4118
198.0000,198.0000,34.0000,81.0000
198.0000,198.0000,34.0000,81.0000
194.0000,198.0000,34.0000,81.0000
194.0000,194.0000,34.0000,81.0000
194.0000,194.0000,34.0000,81.0000
194.0000,194.0000,33.3333,79.4118
194.0000,194.0000,33.3333,79.4118
194.0000,198.0000,33.3333,79.4118
194.0000,198.0000,33.3333,79.4118
194.0000,198.0000,33.3333,79.4118
194.0000,198.0000,33.3333,79.4118
194.0000,198.0000,34.0000,81.0000
194.0000,197.0000,34.6800,82.6200
194.0000,197.0000,34.6800,82.6200
194.0000,193.0000,34.6800,82.6200
194.0000,193.0000,34.6800,82.6200
194.0000,193.0000,34.6800,82.6200
190.0000,193.0000,34.6800,82.6200
190.0000,197.0000,34.6800,82.6200
190.0000,197.0000,34.6800,82.6200
190.0000,197.0000,34.6800,82.6200
190.0000,197.0000,34.6800,82.6200
190.0000,197.0000,34.6800,82.6200
189.0000,196.0000,35.3736,84.2724
193.0000,191.0000,36.0811,85.9578
193.0000,191.0000,36.0811,85.9578
193.0000,191.0000,36.0811,85.9578
193.0000,191.0000,36.0811,85.9578
193.0000,191.0000,36.0811,85.9578
189.0000,195.0000,36.0811,85.9578
189.0000,195.0000,36.0811,85.9578
189.0000,199.0000,36.0811,85.9578
189.0000,199.0000,36.0811,85.9578
185.0000,199.0000,36.0811,85.9578
185.0000,198.0000,36.8027,87.6770
181.0000,202.0000,36.8027,87.6770
177.0000,202.0000,36.8027,87.6770
177.0000,202.0000,36.8027,87.6770
173.0000,206.0000,36.8027,87.6770
169.0000,206.0000,36.8027,87.6770
165.0000,206.0000,36.8027,87.6770
165.0000,210.0000,36.8027,87.6770
161.0000,210.0000,36.8027,87.6770
161.0000,210.0000,36.8027,87.6770
157.0000,210.0000,36.8027,87.6770
153.0000,214.0000,36.8027,87.6770
153.0000,214.0000,36.8027,87.6770
149.0000,214.0000,36.8027,87.6770
145.0000,218.0000,36.8027,87.6770
145.0000,219.0000,36.0811,85.9578
145.0000,220.0000,35.3736,84.2724
142.0000,221.0000,34.6800,82.6200
142.0000,221.0000,34.6800,82.6200
138.0000,221.0000,34.6800,82.6200
138.0000,221.0000,34.6800,82.6200
138.0000,221.0000,34.6800,82.6200
134.0000,221.0000,34.6800,82.6200
133.0000,220.0000,35.3736,84.2724
129.0000,220.0000,35.3736,84.2724
129.0000,220.0000,35.3736,84.2724
129.0000,216.0000,35.3736,84.2724
129.0000,216.0000,35.3736,84.2724
129.0000,216.0000,35.3736,84.2724
129.0000,215.0000,36.0811,85.9578
129.0000,215.0000,36.0811,85.9578
129.0000,219.0000,36.0811,85.9578
129.0000,219.0000,36.0811,85.9578
133.0000,219.0000,36.0811,85.9578
133.0000,219.0000,36.0811,85.9578
133.0000,219.0000,36.0811,85.9578
133.0000,219.0000,36.0811,85.9578
137.0000,219.0000,36.0811,85.9578
137.0000,223.0000,36.0811,85.9578
141.0000,223.0000,36.0811,85.9578
141.0000,223.0000,36.0811,85.9578
141.0000,223.0000,36.0811,85.9578
141.0000,223.0000,36.0811,85.9578
145.0000,223.0000,36.0811,85.9578
145.0000,223.0000,36.0811,85.9578
145.0000,223.0000,36.0811,85.9578
145.0000,223.0000,36.0811,85.9578
145.0000,223.0000,36.0811,85.9578
145.0000,223.0000,36.0811,85.9578
145.0000,223.0000,36.0811,85.9578
145.0000,223.0000,36.0811,85.9578
145.0000,223.0000,36.0811,85.9578
145.0000,223.0000,36.0811,85.9578
141.0000,227.0000,36.0811,85.9578
141.0000,227.0000,36.0811,85.9578
141.0000,228.0000,35.3736,84.2724
141.0000,228.0000,35.3736,84.2724
137.0000,224.0000,35.3736,84.2724
137.0000,224.0000,35.3736,84.2724
137.0000,224.0000,35.3736,84.2724
137.0000,224.0000,35.3736,84.2724
137.0000,224.0000,35.3736,84.2724
137.0000,224.0000,35.3736,84.2724
137.0000,224.0000,35.3736,84.2724
137.0000,224.0000,35.3736,84.2724
137.0000,224.0000,35.3736,84.2724
137.0000,224.0000,35.3736,84.2724
141.0000,224.0000,35.3736,84.2724
141.0000,223.0000,36.0811,85.9578
141.0000,223.0000,36.0811,85.9578
141.0000,223.0000,36.0811,85.9578
141.0000,223.0000,36.0811,85.9578
145.0000,227.0000,36.0811,85.9578
145.0000,227.0000,36.0811,85.9578
145.0000,227.0000,36.0811,85.9578
145.0000,227.0000,36.0811,85.9578
145.0000,227.0000,36.0811,85.9578
145.0000,227.0000,36.0811,85.9578
149.0000,227.0000,36.0811,85.9578
149.0000,227.0000,36.0811,85.9578
149.0000,227.0000,36.0811,85.9578
149.0000,227.0000,36.0811,85.9578
149.0000,227.0000,36.0811,85.9578
149.0000,231.0000,36.0811,85.9578
153.0000,231.0000,36.0811,85.9578
153.0000,231.0000,36.0811,85.9578
153.0000,231.0000,36.0811,85.9578
153.0000,231.0000,36.0811,85.9578
153.0000,231.0000,36.0811,85.9578
153.0000,231.0000,36.0811,85.9578
153.0000,231.0000,36.0811,85.9578
153.0000,235.0000,36.0811,85.9578
153.0000,235.0000,36.0811,85.9578
153.0000,235.0000,36.0811,85.9578
153.0000,235.0000,36.0811,85.9578
153.0000,235.0000,36.0811,85.9578
153.0000,235.0000,36.0811,85.9578
153.0000,235.0000,36.0811,85.9578
153.0000,235.0000,36.0811,85.9578
153.0000,235.0000,36.0811,85.9578
153.0000,235.0000,36.0811,85.9578
153.0000,235.0000,36.0811,85.9578
153.0000,235.0000,36.0811,85.9578
153.0000,235.0000,36.0811,85.9578
153.0000,235.0000,36.0811,85.9578
153.0000,231.0000,36.0811,85.9578
153.0000,231.0000,36.0811,85.9578
153.0000,231.0000,36.0811,85.9578
157.0000,231.0000,36.0811,85.9578
157.0000,231.0000,36.0811,85.9578
157.0000,230.0000,36.8027,87.6770
161.0000,230.0000,36.8027,87.6770
161.0000,230.0000,36.8027,87.6770
161.0000,230.0000,36.8027,87.6770
161.0000,230.0000,36.8027,87.6770
161.0000,230.0000,36.8027,87.6770
165.0000,230.0000,36.8027,87.6770
165.0000,230.0000,36.8027,87.6770
165.0000,230.0000,36.8027,87.6770
165.0000,230.0000,36.8027,87.6770
165.0000,230.0000,36.8027,87.6770
165.0000,230.0000,36.8027,87.6770
165.0000,230.0000,36.8027,87.6770
169.0000,230.0000,36.8027,87.6770
165.0000,230.0000,36.8027,87.6770
165.0000,230.0000,36.8027,87.6770
169.0000,230.0000,36.8027,87.6770
169.0000,230.0000,36.8027,87.6770
169.0000,230.0000,36.8027,87.6770
173.0000,231.0000,36.0811,85.9578
173.0000,231.0000,36.0811,85.9578
173.0000,231.0000,36.0811,85.9578
177.0000,232.0000,35.3736,84.2724
177.0000,232.0000,35.3736,84.2724
181.0000,232.0000,35.3736,84.2724
181.0000,232.0000,35.3736,84.2724
185.0000,232.0000,35.3736,84.2724
185.0000,232.0000,35.3736,84.2724
189.0000,232.0000,35.3736,84.2724
189.0000,232.0000,35.3736,84.2724
189.0000,232.0000,35.3736,84.2724
194.0000,233.0000,34.6800,82.6200
194.0000,234.0000,34.0000,81.0000
198.0000,234.0000,34.0000,81.0000
198.0000,234.0000,34.0000,81.0000
198.0000,234.0000,34.0000,81.0000
202.0000,233.0000,34.6800,82.6200
201.0000,232.0000,35.3736,84.2724
205.0000,231.0000,36.0811,85.9578
209.0000,231.0000,36.0811,85.9578
209.0000,231.0000,36.0811,85.9578
213.0000,231.0000,36.0811,85.9578
213.0000,231.0000,36.0811,85.9578
217.0000,230.0000,36.8027,87.6770
217.0000,230.0000,36.8027,87.6770
221.0000,231.0000,36.0811,85.9578
225.0000,235.0000,36.0811,85.9578
225.0000,235.0000,36.0811,85.9578
229.0000,235.0000,36.0811,85.9578
233.0000,239.0000,36.0811,85.9578
237.0000,239.0000,36.0811,85.9578
245.0000,238.0000,36.8027,87.6770
249.0000,234.0000,36.8027,87.6770
253.0000,235.0000,36.0811,85.9578
261.0000,235.0000,36.0811,85.9578
269.0000,235.0000,36.0811,85.9578
273.0000,234.0000,36.8027,87.6770
277.0000,234.0000,36.8027,87.6770
285.0000,230.0000,36.8027,87.6770
293.0000,230.0000,36.8027,87.6770
297.0000,231.0000,36.0811,85.9578
305.0000,231.0000,36.0811,85.9578
313.0000,231.0000,36.0811,85.9578
317.0000,231.0000,36.0811,85.9578
321.0000,232.0000,35.3736,84.2724
329.0000,232.0000,35.3736,84.2724
334.0000,233.0000,34.6800,82.6200
342.0000,233.0000,34.6800,82.6200
346.0000,234.0000,34.0000,81.0000
354.0000,234.0000,34.0000,81.0000
362.0000,234.0000,34.0000,81.0000
374.0000,230.0000,34.0000,81.0000
382.0000,230.0000,34.0000,81.0000
386.0000,234.0000,34.0000,81.0000
398.0000,234.0000,33.3333,79.4118
406.0000,238.0000,33.3333,79.4118
410.0000,238.0000,33.3333,79.4118
414.0000,238.0000,33.3333,79.4118
418.0000,238.0000,33.3333,79.4118
418.0000,238.0000,33.3333,79.4118
422.0000,234.0000,33.3333,79.4118
422.0000,234.0000,34.0000,81.0000
422.0000,230.0000,34.0000,81.0000
418.0000,226.0000,34.0000,81.0000
418.0000,222.0000,34.0000,81.0000
418.0000,218.0000,34.0000,81.0000
414.0000,214.0000,34.0000,81.0000
410.0000,214.0000,34.0000,81.0000
406.0000,214.0000,34.0000,81.0000
406.0000,210.0000,34.0000,81.0000
402.0000,209.0000,34.6800,82.6200
398.0000,205.0000,34.6800,82.6200
394.0000,201.0000,34.6800,82.6200
389.0000,200.0000,35.3736,84.2724
386.0000,197.0000,34.6800,82.6200
382.0000,193.0000,34.6800,82.6200
378.0000,193.0000,34.6800,82.6200
374.0000,193.0000,34.6800,82.6200
374.0000,193.0000,34.6800,82.6200
370.0000,194.0000,34.0000,81.0000
366.0000,194.0000,34.0000,81.0000
366.0000,194.0000,34.0000,81.0000
366.0000,194.0000,33.3333,79.4118
362.0000,194.0000,33.3333,79.4118
362.0000,194.0000,33.3333,79.4118
362.0000,194.0000,34.0000,81.0000
362.0000,193.0000,34.6800,82.6200
357.0000,192.0000,35.3736,84.2724
357.0000,188.0000,35.3736,84.2724
357.0000,188.0000,35.3736,84.2724
353.0000,184.0000,35.3736,84.2724
353.0000,184.0000,35.3736,84.2724
350.0000,181.0000,34.6800,82.6200
350.0000,181.0000,34.6800,82.6200
350.0000,182.0000,34.0000,81.0000
350.0000,182.0000,33.3333,79.4118
351.0000,183.0000,32.6797,77.8547
346.0000,186.0000,33.3333,79.4118
346.0000,186.0000,33.3333,79.4118
346.0000,186.0000,33.3333,79.4118
346.0000,186.0000,33.3333,79.4118
346.0000,186.0000,33.3333,79.4118
346.0000,186.0000,33.3333,79.4118
342.0000,186.0000,33.3333,79.4118
342.0000,186.0000,33.3333,79.4118
342.0000,186.0000,33.3333,79.4118
343.0000,183.0000,32.6797,77.8547
343.0000,183.0000,32.6797,77.8547
339.0000,183.0000,32.6797,77.8547
339.0000,183.0000,32.6797,77.8547
339.0000,184.0000,32.0390,76.3281
339.0000,185.0000,31.4107,74.8315
335.0000,185.0000,31.4107,74.8315
335.0000,185.0000,31.4107,74.8315
336.0000,189.0000,30.7948,73.3642
336.0000,189.0000,30.7948,73.3642
336.0000,190.0000,30.1910,71.9257
336.0000,191.0000,29.5990,70.5154
332.0000,191.0000,29.5990,70.5154
332.0000,191.0000,29.5990,70.5154
328.0000,190.0000,30.1910,71.9257
328.0000,189.0000,30.7948,73.3642
328.0000,189.0000,30.7948,73.3642
328.0000,189.0000,30.7948,73.3642
324.0000,189.0000,30.7948,73.3642
324.0000,185.0000,30.7948,73.3642
324.0000,185.0000,30.7948,73.3642
320.0000,185.0000,30.7948,73.3642
320.0000,185.0000,30.7948,73.3642
320.0000,185.0000,30.7948,73.3642
320.0000,185.0000,30.7948,73.3642
320.0000,185.0000,30.7948,73.3642
320.0000,185.0000,30.7948,73.3642
316.0000,189.0000,30.7948,73.3642
316.0000,189.0000,30.7948,73.3642
316.0000,189.0000,30.7948,73.3642
312.0000,189.0000,30.7948,73.3642
312.0000,189.0000,30.7948,73.3642
308.0000,189.0000,30.7948,73.3642
304.0000,189.0000,30.7948,73.3642
304.0000,189.0000,30.7948,73.3642
299.0000,189.0000,31.4107,74.8315
299.0000,185.0000,31.4107,74.8315
299.0000,185.0000,31.4107,74.8315
299.0000,185.0000,31.4107,74.8315
299.0000,181.0000,31.4107,74.8315
299.0000,181.0000,31.4107,74.8315
299.0000,181.0000,31.4107,74.8315
299.0000,181.0000,31.4107,74.8315
299.0000,185.0000,31.4107,74.8315
299.0000,185.0000,31.4107,74.8315
299.0000,185.0000,31.4107,74.8315
299.0000,185.0000,31.4107,74.8315
299.0000,185.0000,31.4107,74.8315
299.0000,185.0000,31.4107,74.8315
299.0000,185.0000,31.4107,74.8315
299.0000,185.0000,31.4107,74.8315
299.0000,184.0000,32.0390,76.3281
299.0000,184.0000,32.0390,76.3281
295.0000,180.0000,32.0390,76.3281
295.0000,180.0000,32.0390,76.3281
295.0000,176.0000,32.0390,76.3281
295.0000,172.0000,32.0390,76.3281
295.0000,172.0000,32.0390,76.3281
295.0000,172.0000,32.0390,76.3281
299.0000,172.0000,32.0390,76.3281
299.0000,173.0000,31.4107,74.8315
299.0000,176.0000,32.0390,76.3281
299.0000,176.0000,32.0390,76.3281
303.0000,176.0000,32.0390,76.3281
303.0000,176.0000,32.0390,76.3281
303.0000,176.0000,32.0390,76.3281
307.0000,176.0000,32.0390,76.3281
311.0000,172.0000,32.0390,76.3281
311.0000,169.0000,31.4107,74.8315
316.0000,169.0000,30.7948,73.3642
315.0000,173.0000,31.4107,74.8315
319.0000,173.0000,31.4107,74.8315
323.0000,173.0000,31.4107,74.8315
323.0000,173.0000,31.4107,74.8315
327.0000,173.0000,31.4107,74.8315
327.0000,173.0000,31.4107,74.8315
332.0000,169.0000,30.7948,73.3642
332.0000,169.0000,30.7948,73.3642
336.0000,169.0000,30.7948,73.3642
336.0000,169.0000,30.7948,73.3642
336.0000,169.0000,30.7948,73.3642
336.0000,169.0000,30.7948,73.3642
339.0000,169.0000,31.4107,74.8315
339.0000,168.0000,32.0390,76.3281
339.0000,165.0000,31.4107,74.8315
339.0000,164.0000,32.0390,76.3281
335.0000,159.0000,32.6797,77.8547
335.0000,155.0000,32.6797,77.8547
334.0000,150.0000,33.3333,79.4118
334.0000,150.0000,34.0000,81.0000
334.0000,146.0000,34.0000,81.0000
334.0000,146.0000,34.0000,81.0000
334.0000,146.0000,34.0000,81.0000
330.0000,146.0000,34.0000,81.0000
330.0000,146.0000,33.3333,79.4118
330.0000,150.0000,33.3333,79.4118
330.0000,150.0000,33.3333,79.4118
330.0000,154.0000,33.3333,79.4118
330.0000,162.0000,33.3333,79.4118
330.0000,166.0000,33.3333,79.4118
330.0000,166.0000,33.3333,79.4118
330.0000,166.0000,33.3333,79.4118
331.0000,167.0000,32.6797,77.8547
330.0000,170.0000,33.3333,79.4118
334.0000,170.0000,33.3333,79.4118
334.0000,170.0000,33.3333,79.4118
334.0000,170.0000,33.3333,79.4118
334.0000,170.0000,33.3333,79.4118
334.0000,170.0000,33.3333,79.4118
335.0000,171.0000,32.6797,77.8547
335.0000,172.0000,32.0390,76.3281
335.0000,176.0000,32.0390,76.3281
335.0000,176.0000,32.0390,76.3281
335.0000,180.0000,32.0390,76.3281
335.0000,183.0000,32.6797,77.8547
335.0000,183.0000,32.6797,77.8547
339.0000,187.0000,32.6797,77.8547
339.0000,187.0000,32.6797,77.8547
339.0000,191.0000,32.6797,77.8547
339.0000,191.0000,32.6797,77.8547
339.0000,196.0000,32.0390,76.3281
339.0000,200.0000,32.0390,76.3281
343.0000,204.0000,32.0390,76.3281
339.0000,207.0000,32.6797,77.8547
339.0000,211.0000,32.6797,77.8547
339.0000,211.0000,32.6797,77.8547
343.0000,215.0000,32.6797,77.8547
343.0000,215.0000,32.6797,77.8547
347.0000,219.0000,32.6797,77.8547
347.0000,219.0000,32.6797,77.8547
347.0000,219.0000,32.6797,77.8547
347.0000,223.0000,32.6797,77.8547
347.0000,223.0000,32.6797,77.8547
347.0000,227.0000,32.6797,77.8547
347.0000,227.0000,32.6797,77.8547
347.0000,227.0000,32.6797,77.8547
347.0000,227.0000,32.6797,77.8547
347.0000,227.0000,32.6797,77.8547
347.0000,227.0000,32.6797,77.8547
347.0000,223.0000,32.6797,77.8547
351.0000,223.0000,32.6797,77.8547
351.0000,223.0000,32.6797,77.8547
351.0000,223.0000,32.6797,77.8547
351.0000,219.0000,32.6797,77.8547
351.0000,219.0000,32.6797,77.8547
351.0000,219.0000,32.6797,77.8547
351.0000,219.0000,32.6797,77.8547
351.0000,219.0000,32.6797,77.8547
351.0000,219.0000,32.6797,77.8547
351.0000,219.0000,32.6797,77.8547
351.0000,219.0000,32.6797,77.8547
351.0000,219.0000,32.6797,77.8547
351.0000,219.0000,32.6797,77.8547
351.0000,215.0000,32.6797,77.8547
350.0000,214.0000,33.3333,79.4118
350.0000,214.0000,33.3333,79.4118
351.0000,211.0000,32.6797,77.8547
351.0000,211.0000,32.6797,77.8547
351.0000,211.0000,32.6797,77.8547
351.0000,211.0000,32.6797,77.8547
351.0000,211.0000,32.6797,77.8547
351.0000,211.0000,32.6797,77.8547
351.0000,211.0000,32.6797,77.8547
351.0000,211.0000,32.6797,77.8547
351.0000,211.0000,32.6797,77.8547
347.0000,211.0000,32.6797,77.8547
347.0000,211.0000,32.6797,77.8547
347.0000,211.0000,32.6797,77.8547
347.0000,211.0000,32.6797,77.8547
347.0000,211.0000,32.6797,77.8547
343.0000,211.0000,32.6797,77.8547
343.0000,207.0000,32.6797,77.8547
343.0000,207.0000,32.6797,77.8547
347.0000,211.0000,32.6797,77.8547
347.0000,211.0000,32.6797,77.8547
343.0000,215.0000,32.6797,77.8547
343.0000,219.0000,32.6797,77.8547
343.0000,219.0000,32.6797,77.8547
343.0000,215.0000,32.6797,77.8547
343.0000,215.0000,32.6797,77.8547
339.0000,215.0000,32.6797,77.8547
339.0000,211.0000,32.6797,77.8547
339.0000,211.0000,32.6797,77.8547
335.0000,207.0000,32.6797,77.8547
335.0000,207.0000,32.6797,77.8547
331.0000,207.0000,32.6797,77.8547
331.0000,203.0000,32.6797,77.8547
327.0000,203.0000,32.6797,77.8547
323.0000,196.0000,32.0390,76.3281
