154.0000,94.0000,18.0000,48.0000
154.0000,94.0000,18.0000,48.0000
154.0000,93.0000,18.7272,49.9392
150.0000,90.0000,18.0000,48.0000
150.0000,91.0000,17.3010,46.1361
150.0000,91.0000,17.3010,46.1361
150.0000,87.0000,17.3010,46.1361
150.0000,86.0000,17.6471,47.0588
154.0000,86.0000,18.3600,48.9600
154.0000,85.0000,18.7272,49.9392
157.0000,84.0000,19.4838,51.9567
156.0000,82.0000,21.0899,56.2397
156.0000,81.0000,21.5117,57.3644
153.0000,82.0000,20.6763,55.1369
152.0000,82.0000,21.0899,56.2397
152.0000,82.0000,21.0899,56.2397
148.0000,82.0000,21.0899,56.2397
144.0000,81.0000,21.5117,57.3644
140.0000,80.0000,22.3807,59.6820
136.0000,80.0000,22.3807,59.6820
132.0000,81.0000,21.5117,57.3644
128.0000,82.0000,21.0899,56.2397
129.0000,82.0000,20.6763,55.1369
129.0000,82.0000,20.6763,55.1369
133.0000,79.0000,20.2709,54.0558
133.0000,80.0000,19.8735,52.9959
133.0000,79.0000,20.2709,54.0558
137.0000,78.0000,20.6763,55.1369
136.0000,78.0000,21.0899,56.2397
140.0000,78.0000,21.0899,56.2397
141.0000,78.0000,20.6763,55.1369
145.0000,78.0000,20.6763,55.1369
149.0000,78.0000,20.6763,55.1369
149.0000,78.0000,20.6763,55.1369
153.0000,78.0000,20.6763,55.1369
152.0000,78.0000,21.0899,56.2397
152.0000,78.0000,21.0899,56.2397
152.0000,77.0000,21.5117,57.3644
152.0000,77.0000,21.5117,57.3644
152.0000,77.0000,21.5117,57.3644
152.0000,77.0000,21.9419,58.5117
156.0000,77.0000,21.5117,57.3644
156.0000,76.0000,22.3807,59.6820
156.0000,76.0000,22.3807,59.6820
156.0000,77.0000,21.5117,57.3644
160.0000,77.0000,21.5117,57.3644
160.0000,76.0000,22.3807,59.6820
160.0000,77.0000,21.9419,58.5117
164.0000,77.0000,21.9419,58.5117
164.0000,76.0000,22.8284,60.8756
164.0000,76.0000,22.8284,60.8756
163.0000,74.0000,23.7506,63.3350
163.0000,74.0000,23.7506,63.3350
163.0000,74.0000,24.2256,64.6017
159.0000,73.0000,24.7101,65.8937
158.0000,72.0000,25.2043,67.2116
154.0000,72.0000,25.7084,68.5558
150.0000,71.0000,26.2226,69.9269
146.0000,74.0000,26.7471,71.3255
138.0000,74.0000,26.7471,71.3255
134.0000,75.0000,26.2226,69.9269
130.0000,71.0000,26.2226,69.9269
126.0000,71.0000,26.2226,69.9269
126.0000,71.0000,26.2226,69.9269
126.0000,68.0000,25.7084,68.5558
130.0000,68.0000,25.7084,68.5558
135.0000,69.0000,24.7101,65.8937
139.0000,69.0000,24.7101,65.8937
143.0000,69.0000,24.7101,65.8937
151.0000,69.0000,24.7101,65.8937
154.0000,68.0000,25.2043,67.2116
158.0000,68.0000,25.7084,68.5558
162.0000,67.0000,26.2226,69.9269
166.0000,68.0000,25.7084,68.5558
170.0000,68.0000,25.2043,67.2116
174.0000,68.0000,25.7084,68.5558
174.0000,68.0000,25.7084,68.5558
174.0000,68.0000,25.7084,68.5558
174.0000,71.0000,26.2226,69.9269
174.0000,72.0000,25.7084,68.5558
174.0000,71.0000,26.2226,69.9269
174.0000,75.0000,26.2226,69.9269
174.0000,75.0000,26.2226,69.9269
174.0000,74.0000,26.7471,71.3255
178.0000,74.0000,26.7471,71.3255
182.0000,74.0000,26.7471,71.3255
181.0000,74.0000,27.2820,72.7520
185.0000,74.0000,27.2820,72.7520
185.0000,78.0000,27.2820,72.7520
189.0000,78.0000,27.2820,72.7520
189.0000,78.0000,27.2820,72.7520
193.0000,77.0000,27.8276,74.2070
193.0000,71.0000,28.9519,77.2050
192.0000,71.0000,29.5309,78.7491
193.0000,71.0000,28.9519,77.2050
189.0000,68.0000,28.3842,75.6912
189.0000,68.0000,28.3842,75.6912
185.0000,64.0000,28.3842,75.6912
181.0000,64.0000,28.3842,75.6912
181.0000,64.0000,28.3842,75.6912
181.0000,64.0000,28.3842,75.6912
177.0000,60.0000,28.3842,75.6912
177.0000,60.0000,28.3842,75.6912
177.0000,60.0000,28.3842,75.6912
177.0000,60.0000,28.3842,75.6912
177.0000,60.0000,28.3842,75.6912
177.0000,60.0000,28.3842,75.6912
177.0000,60.0000,28.3842,75.6912
177.0000,60.0000,28.3842,75.6912
173.0000,60.0000,28.3842,75.6912
173.0000,60.0000,28.3842,75.6912
169.0000,60.0000,28.3842,75.6912
169.0000,60.0000,28.3842,75.6912
165.0000,60.0000,28.3842,75.6912
161.0000,60.0000,28.3842,75.6912
161.0000,60.0000,28.3842,75.6912
157.0000,60.0000,28.3842,75.6912
153.0000,60.0000,28.3842,75.6912
153.0000,64.0000,28.3842,75.6912
153.0000,64.0000,28.3842,75.6912
149.0000,64.0000,28.3842,75.6912
149.0000,69.0000,27.8276,74.2070
145.0000,70.0000,27.2820,72.7520
145.0000,69.0000,27.8276,74.2070
145.0000,73.0000,27.8276,74.2070
149.0000,73.0000,27.8276,74.2070
153.0000,74.0000,27.2820,72.7520
157.0000,74.0000,27.2820,72.7520
165.0000,73.0000,27.8276,74.2070
169.0000,72.0000,28.3842,75.6912
173.0000,72.0000,28.3842,75.6912
177.0000,69.0000,27.8276,74.2070
181.0000,69.0000,27.8276,74.2070
185.0000,66.0000,27.2820,72.7520
189.0000,66.0000,27.2820,72.7520
193.0000,66.0000,27.2820,72.7520
198.0000,62.0000,26.7471,71.3255
202.0000,62.0000,26.7471,71.3255
201.0000,62.0000,27.2820,72.7520
201.0000,62.0000,27.2820,72.7520
197.0000,62.0000,27.2820,72.7520
193.0000,66.0000,27.2820,72.7520
185.0000,69.0000,27.8276,74.2070
177.0000,72.0000,28.3842,75.6912
173.0000,76.0000,28.3842,75.6912
169.0000,76.0000,28.3842,75.6912
161.0000,80.0000,28.3842,75.6912
157.0000,80.0000,28.3842,75.6912
153.0000,81.0000,27.8276,74.2070
149.0000,81.0000,27.8276,74.2070
149.0000,81.0000,27.8276,74.2070
149.0000,81.0000,27.8276,74.2070
153.0000,77.0000,27.8276,74.2070
153.0000,73.0000,27.8276,74.2070
153.0000,73.0000,27.8276,74.2070
157.0000,73.0000,27.8276,74.2070
157.0000,69.0000,27.8276,74.2070
153.0000,69.0000,27.8276,74.2070
153.0000,69.0000,27.8276,74.2070
153.0000,69.0000,27.8276,74.2070
153.0000,69.0000,27.8276,74.2070
149.0000,69.0000,27.8276,74.2070
145.0000,66.0000,27.2820,72.7520
141.0000,66.0000,27.2820,72.7520
137.0000,66.0000,27.2820,72.7520
133.0000,66.0000,27.2820,72.7520
130.0000,66.0000,26.7471,71.3255
130.0000,67.0000,26.2226,69.9269
130.0000,68.0000,25.7084,68.5558
134.0000,68.0000,25.7084,68.5558
134.0000,68.0000,25.7084,68.5558
134.0000,67.0000,26.2226,69.9269
134.0000,66.0000,26.7471,71.3255
130.0000,66.0000,26.7471,71.3255
130.0000,62.0000,26.7471,71.3255
130.0000,63.0000,26.2226,69.9269
130.0000,64.0000,25.7084,68.5558
130.0000,64.0000,25.7084,68.5558
130.0000,64.0000,25.7084,68.5558
130.0000,64.0000,25.2043,67.2116
127.0000,69.0000,24.7101,65.8937
123.0000,73.0000,24.7101,65.8937
119.0000,77.0000,24.7101,65.8937
115.0000,77.0000,24.7101,65.8937
115.0000,77.0000,24.7101,65.8937
118.0000,80.0000,25.2043,67.2116
122.0000,80.0000,25.2043,67.2116
127.0000,81.0000,24.7101,65.8937
131.0000,81.0000,24.7101,65.8937
131.0000,82.0000,24.2256,64.6017
135.0000,82.0000,23.7506,63.3350
139.0000,82.0000,23.7506,63.3350
139.0000,82.0000,23.7506,63.3350
143.0000,82.0000,23.7506,63.3350
143.0000,82.0000,23.7506,63.3350
147.0000,82.0000,23.7506,63.3350
147.0000,82.0000,23.7506,63.3350
147.0000,82.0000,23.7506,63.3350
147.0000,82.0000,23.7506,63.3350
147.0000,82.0000,23.7506,63.3350
147.0000,82.0000,23.7506,63.3350
147.0000,82.0000,23.7506,63.3350
143.0000,83.0000,23.2849,62.0931
143.0000,83.0000,23.2849,62.0931
140.0000,84.0000,22.8284,60.8756
140.0000,84.0000,22.8284,60.8756
144.0000,84.0000,22.3807,59.6820
144.0000,81.0000,21.9419,58.5117
144.0000,81.0000,21.9419,58.5117
144.0000,81.0000,21.9419,58.5117
144.0000,81.0000,21.5117,57.3644
144.0000,81.0000,21.5117,57.3644
140.0000,81.0000,21.5117,57.3644
140.0000,81.0000,21.5117,57.3644
140.0000,81.0000,21.5117,57.3644
140.0000,81.0000,21.5117,57.3644
140.0000,77.0000,21.5117,57.3644
136.0000,77.0000,21.5117,57.3644
136.0000,77.0000,21.5117,57.3644
136.0000,77.0000,21.5117,57.3644
132.0000,82.0000,21.0899,56.2397
132.0000,82.0000,21.0899,56.2397
136.0000,82.0000,21.0899,56.2397
140.0000,82.0000,21.0899,56.2397
144.0000,82.0000,21.0899,56.2397
149.0000,82.0000,20.6763,55.1369
149.0000,82.0000,20.6763,55.1369
149.0000,82.0000,20.6763,55.1369
153.0000,82.0000,20.6763,55.1369
157.0000,82.0000,20.6763,55.1369
161.0000,82.0000,20.6763,55.1369
161.0000,82.0000,20.6763,55.1369
165.0000,82.0000,20.6763,55.1369
165.0000,82.0000,20.6763,55.1369
165.0000,82.0000,20.6763,55.1369
165.0000,82.0000,20.6763,55.1369
165.0000,83.0000,20.2709,54.0558
169.0000,83.0000,20.2709,54.0558
169.0000,83.0000,20.2709,54.0558
169.0000,83.0000,20.2709,54.0558
169.0000,83.0000,20.2709,54.0558
169.0000,83.0000,20.2709,54.0558
169.0000,83.0000,20.2709,54.0558
173.0000,83.0000,20.2709,54.0558
173.0000,84.0000,19.8735,52.9959
177.0000,80.0000,19.8735,52.9959
177.0000,80.0000,19.8735,52.9959
177.0000,80.0000,19.8735,52.9959
181.0000,80.0000,19.8735,52.9959
181.0000,80.0000,19.8735,52.9959
181.0000,80.0000,19.8735,52.9959
181.0000,80.0000,19.8735,52.9959
181.0000,80.0000,19.4838,51.9567
181.0000,85.0000,19.1017,50.9380
181.0000,85.0000,19.1017,50.9380
181.0000,85.0000,19.1017,50.9380
182.0000,89.0000,18.7272,49.9392
182.0000,90.0000,18.3600,48.9600
182.0000,90.0000,18.3600,48.9600
182.0000,90.0000,18.3600,48.9600
178.0000,90.0000,18.3600,48.9600
178.0000,90.0000,18.3600,48.9600
178.0000,89.0000,18.7272,49.9392
178.0000,89.0000,18.7272,49.9392
178.0000,89.0000,18.7272,49.9392
174.0000,94.0000,18.3600,48.9600
174.0000,94.0000,18.3600,48.9600
174.0000,94.0000,18.0000,48.0000
174.0000,94.0000,17.6471,47.0588
178.0000,94.0000,17.6471,47.0588
178.0000,95.0000,17.3010,46.1361
