242.0000,94.0000,57.0000,119.0000
241.0000,93.0000,57.0000,119.0000
241.0000,93.0000,57.0000,119.0000
241.0000,93.0000,57.0000,119.0000
242.0000,95.0000,55.8824,116.6667
239.0000,92.0000,54.7866,114.3791
238.0000,90.0000,57.0000,119.0000
238.0000,90.0000,57.0000,119.0000
237.0000,88.0000,58.1400,121.3800
237.0000,88.0000,58.1400,121.3800
237.0000,88.0000,58.1400,121.3800
232.0000,86.0000,60.4889,126.2838
232.0000,86.0000,60.4889,126.2838
231.0000,79.0000,62.9326,131.3856
229.0000,77.0000,65.4751,136.6936
229.0000,75.0000,66.7846,139.4275
229.0000,75.0000,66.7846,139.4275
226.0000,78.0000,64.1913,134.0133
226.0000,78.0000,64.1913,134.0133
226.0000,78.0000,64.1913,134.0133
225.0000,73.0000,65.4751,136.6936
224.0000,70.0000,68.1203,142.2160
221.0000,73.0000,65.4751,136.6936
221.0000,71.0000,66.7846,139.4275
221.0000,71.0000,66.7846,139.4275
219.0000,68.0000,69.4827,145.0603
219.0000,67.0000,70.8723,147.9615
215.0000,64.0000,69.4827,145.0603
214.0000,62.0000,72.2898,150.9208
213.0000,60.0000,73.7356,153.9392
213.0000,60.0000,73.7356,153.9392
210.0000,62.0000,72.2898,150.9208
210.0000,62.0000,72.2898,150.9208
210.0000,62.0000,72.2898,150.9208
210.0000,62.0000,72.2898,150.9208
209.0000,60.0000,73.7356,153.9392
210.0000,58.0000,72.2898,150.9208
207.0000,59.0000,70.8723,147.9615
207.0000,60.0000,69.4827,145.0603
207.0000,60.0000,69.4827,145.0603
207.0000,59.0000,70.8723,147.9615
205.0000,56.0000,73.7356,153.9392
204.0000,54.0000,75.2103,157.0180
200.0000,53.0000,76.7145,160.1583
200.0000,53.0000,76.7145,160.1583
200.0000,49.0000,76.7145,160.1583
200.0000,50.0000,75.2103,157.0180
196.0000,50.0000,75.2103,157.0180
195.0000,47.0000,78.2488,163.3615
194.0000,46.0000,79.8138,166.6287
193.0000,44.0000,81.4100,169.9613
192.0000,41.0000,84.6990,176.8277
189.0000,44.0000,81.4100,169.9613
190.0000,46.0000,79.8138,166.6287
190.0000,46.0000,79.8138,166.6287
189.0000,44.0000,81.4100,169.9613
185.0000,40.0000,81.4100,169.9613
184.0000,38.0000,83.0382,173.3605
184.0000,38.0000,83.0382,173.3605
180.0000,37.0000,84.6990,176.8277
179.0000,35.0000,86.3930,180.3643
178.0000,33.0000,88.1208,183.9716
178.0000,33.0000,88.1208,183.9716
178.0000,33.0000,88.1208,183.9716
172.0000,29.0000,91.6809,191.4040
171.0000,27.0000,93.5145,195.2321
171.0000,27.0000,93.5145,195.2321
171.0000,27.0000,93.5145,195.2321
171.0000,27.0000,93.5145,195.2321
171.0000,27.0000,93.5145,195.2321
171.0000,27.0000,93.5145,195.2321
171.0000,27.0000,93.5145,195.2321
171.0000,27.0000,93.5145,195.2321
171.0000,27.0000,93.5145,195.2321
171.0000,23.0000,93.5145,195.2321
171.0000,23.0000,93.5145,195.2321
174.0000,21.0000,95.3848,199.1368
174.0000,21.0000,95.3848,199.1368
174.0000,21.0000,95.3848,199.1368
173.0000,19.0000,97.2925,203.1195
173.0000,19.0000,97.2925,203.1195
165.0000,23.0000,97.2925,203.1195
165.0000,23.0000,97.2925,203.1195
165.0000,23.0000,97.2925,203.1195
165.0000,23.0000,97.2925,203.1195
165.0000,23.0000,97.2925,203.1195
185.0000,43.0000,97.2925,203.1195
190.0000,49.0000,95.3848,199.1368
215.0000,35.0000,93.5145,195.2321
231.0000,23.0000,93.5145,195.2321
234.0000,21.0000,95.3848,199.1368
253.0000,3.0000,97.2925,203.1195
252.0000,1.0000,99.2384,207.1819
262.0000,-15.0000,95.3848,199.1368
266.0000,-23.0000,95.3848,199.1368
279.0000,-25.0000,93.5145,195.2321
299.0000,-29.0000,93.5145,195.2321
307.0000,-29.0000,93.5145,195.2321
319.0000,-29.0000,93.5145,195.2321
328.0000,-27.0000,91.6809,191.4040
350.0000,-31.0000,88.1208,183.9716
335.0000,-21.0000,86.3930,180.3643
332.0000,-14.0000,83.0382,173.3605
336.0000,-6.0000,83.0382,173.3605
336.0000,-6.0000,83.0382,173.3605
344.0000,22.0000,83.0382,173.3605
348.0000,30.0000,83.0382,173.3605
352.0000,38.0000,83.0382,173.3605
357.0000,40.0000,81.4100,169.9613
358.0000,42.0000,79.8138,166.6287
363.0000,43.0000,78.2488,163.3615
367.0000,39.0000,78.2488,163.3615
371.0000,35.0000,78.2488,163.3615
371.0000,35.0000,78.2488,163.3615
372.0000,33.0000,76.7145,160.1583
372.0000,33.0000,76.7145,160.1583
375.0000,27.0000,78.2488,163.3615
374.0000,26.0000,79.8138,166.6287
374.0000,26.0000,79.8138,166.6287
374.0000,26.0000,79.8138,166.6287
375.0000,27.0000,78.2488,163.3615
375.0000,27.0000,78.2488,163.3615
376.0000,29.0000,76.7145,160.1583
376.0000,29.0000,76.7145,160.1583
376.0000,30.0000,75.2103,157.0180
377.0000,36.0000,73.7356,153.9392
378.0000,38.0000,72.2898,150.9208
378.0000,38.0000,72.2898,150.9208
378.0000,38.0000,72.2898,150.9208
378.0000,38.0000,72.2898,150.9208
378.0000,38.0000,72.2898,150.9208
378.0000,38.0000,72.2898,150.9208
378.0000,38.0000,72.2898,150.9208
378.0000,38.0000,72.2898,150.9208
378.0000,38.0000,72.2898,150.9208
375.0000,39.0000,70.8723,147.9615
375.0000,39.0000,70.8723,147.9615
375.0000,43.0000,70.8723,147.9615
375.0000,43.0000,70.8723,147.9615
371.0000,43.0000,70.8723,147.9615
371.0000,43.0000,70.8723,147.9615
371.0000,43.0000,70.8723,147.9615
371.0000,48.0000,69.4827,145.0603
372.0000,50.0000,68.1203,142.2160
373.0000,51.0000,66.7846,139.4275
373.0000,51.0000,66.7846,139.4275
372.0000,54.0000,68.1203,142.2160
368.0000,54.0000,68.1203,142.2160
369.0000,55.0000,66.7846,139.4275
369.0000,57.0000,65.4751,136.6936
369.0000,57.0000,65.4751,136.6936
366.0000,58.0000,64.1913,134.0133
366.0000,58.0000,64.1913,134.0133
366.0000,58.0000,64.1913,134.0133
366.0000,58.0000,64.1913,134.0133
367.0000,59.0000,62.9326,131.3856
363.0000,65.0000,61.6986,128.8094
364.0000,66.0000,60.4889,126.2838
364.0000,67.0000,59.3028,123.8076
364.0000,67.0000,59.3028,123.8076
365.0000,68.0000,58.1400,121.3800
366.0000,70.0000,57.0000,119.0000
366.0000,70.0000,57.0000,119.0000
362.0000,71.0000,55.8824,116.6667
362.0000,71.0000,55.8824,116.6667
362.0000,71.0000,55.8824,116.6667
362.0000,74.0000,57.0000,119.0000
362.0000,74.0000,57.0000,119.0000
362.0000,74.0000,57.0000,119.0000
362.0000,74.0000,57.0000,119.0000
358.0000,74.0000,57.0000,119.0000
358.0000,75.0000,55.8824,116.6667
358.0000,74.0000,57.0000,119.0000
358.0000,74.0000,57.0000,119.0000
358.0000,74.0000,57.0000,119.0000
357.0000,72.0000,58.1400,121.3800
357.0000,72.0000,58.1400,121.3800
357.0000,72.0000,58.1400,121.3800
354.0000,74.0000,57.0000,119.0000
354.0000,74.0000,57.0000,119.0000
