82.0000,218.0000,68.0000,72.0000
82.0000,218.0000,68.0000,72.0000
85.0000,217.0000,69.3600,73.4400
89.0000,217.0000,70.7472,74.9088
94.0000,218.0000,68.0000,72.0000
98.0000,222.0000,68.0000,72.0000
106.0000,222.0000,68.0000,72.0000
115.0000,223.0000,66.6667,70.5882
119.0000,223.0000,65.3595,69.2042
123.0000,223.0000,66.6667,70.5882
127.0000,223.0000,65.3595,69.2042
128.0000,224.0000,64.0779,67.8472
132.0000,228.0000,64.0779,67.8472
140.0000,232.0000,64.0779,67.8472
143.0000,231.0000,65.3595,69.2042
147.0000,231.0000,65.3595,69.2042
152.0000,236.0000,64.0779,67.8472
159.0000,235.0000,65.3595,69.2042
166.0000,234.0000,68.0000,72.0000
165.0000,233.0000,70.7472,74.9088
173.0000,233.0000,69.3600,73.4400
175.0000,231.0000,73.6054,77.9351
177.0000,233.0000,69.3600,73.4400
183.0000,239.0000,66.6667,70.5882
190.0000,238.0000,68.0000,72.0000
191.0000,239.0000,66.6667,70.5882
196.0000,240.0000,64.0779,67.8472
201.0000,241.0000,62.8215,66.5169
205.0000,245.0000,61.5897,65.2126
209.0000,245.0000,62.8215,66.5169
212.0000,244.0000,64.0779,67.8472
216.0000,244.0000,64.0779,67.8472
221.0000,241.0000,62.8215,66.5169
225.0000,241.0000,62.8215,66.5169
229.0000,241.0000,62.8215,66.5169
229.0000,241.0000,61.5897,65.2126
235.0000,243.0000,58.0373,61.4513
240.0000,244.0000,56.8994,60.2464
244.0000,244.0000,56.8994,60.2464
247.0000,243.0000,58.0373,61.4513
246.0000,243.0000,59.1981,62.6803
249.0000,241.0000,61.5897,65.2126
249.0000,241.0000,61.5897,65.2126
250.0000,242.0000,60.3821,63.9339
253.0000,241.0000,61.5897,65.2126
253.0000,241.0000,62.8215,66.5169
260.0000,240.0000,64.0779,67.8472
264.0000,240.0000,64.0779,67.8472
265.0000,237.0000,61.5897,65.2126
273.0000,237.0000,61.5897,65.2126
277.0000,237.0000,62.8215,66.5169
276.0000,236.0000,64.0779,67.8472
271.0000,235.0000,65.3595,69.2042
267.0000,235.0000,66.6667,70.5882
262.0000,234.0000,68.0000,72.0000
257.0000,229.0000,69.3600,73.4400
253.0000,229.0000,70.7472,74.9088
241.0000,225.0000,70.7472,74.9088
241.0000,225.0000,69.3600,73.4400
233.0000,225.0000,70.7472,74.9088
228.0000,224.0000,72.1621,76.4070
224.0000,224.0000,72.1621,76.4070
219.0000,223.0000,73.6054,77.9351
216.0000,224.0000,72.1621,76.4070
212.0000,224.0000,72.1621,76.4070
209.0000,225.0000,69.3600,73.4400
205.0000,225.0000,69.3600,73.4400
197.0000,225.0000,70.7472,74.9088
193.0000,225.0000,70.7472,74.9088
189.0000,225.0000,69.3600,73.4400
182.0000,222.0000,68.0000,72.0000
177.0000,217.0000,70.7472,74.9088
168.0000,212.0000,72.1621,76.4070
165.0000,213.0000,70.7472,74.9088
161.0000,213.0000,69.3600,73.4400
158.0000,214.0000,68.0000,72.0000
155.0000,215.0000,66.6667,70.5882
151.0000,215.0000,65.3595,69.2042
149.0000,217.0000,62.8215,66.5169
145.0000,217.0000,61.5897,65.2126
142.0000,218.0000,60.3821,63.9339
138.0000,218.0000,60.3821,63.9339
131.0000,219.0000,58.0373,61.4513
126.0000,219.0000,59.1981,62.6803
126.0000,219.0000,59.1981,62.6803
126.0000,219.0000,59.1981,62.6803
126.0000,222.0000,60.3821,63.9339
121.0000,221.0000,61.5897,65.2126
121.0000,221.0000,61.5897,65.2126
121.0000,221.0000,62.8215,66.5169
117.0000,225.0000,62.8215,66.5169
117.0000,225.0000,61.5897,65.2126
110.0000,230.0000,60.3821,63.9339
110.0000,226.0000,60.3821,63.9339
121.0000,225.0000,61.5897,65.2126
113.0000,221.0000,61.5897,65.2126
109.0000,221.0000,61.5897,65.2126
113.0000,209.0000,62.8215,66.5169
140.0000,180.0000,64.0779,67.8472
