57.0000,158.0000,196.0000,156.0000
57.0000,158.0000,196.0000,156.0000
61.0000,158.0000,196.0000,156.0000
65.0000,158.0000,196.0000,156.0000
65.0000,158.0000,196.0000,156.0000
69.0000,158.0000,196.0000,156.0000
67.0000,156.0000,199.9200,159.1200
71.0000,156.0000,199.9200,159.1200
69.0000,159.0000,203.9184,162.3024
69.0000,156.0000,212.1567,168.8594
73.0000,160.0000,212.1567,168.8594
79.0000,165.0000,207.9968,165.5484
79.0000,162.0000,216.3998,172.2366
81.0000,160.0000,220.7278,175.6813
89.0000,168.0000,212.1567,168.8594
89.0000,164.0000,220.7278,175.6813
97.0000,168.0000,220.7278,175.6813
105.0000,172.0000,212.1567,168.8594
111.0000,173.0000,207.9968,165.5484
119.0000,173.0000,207.9968,165.5484
129.0000,175.0000,203.9184,162.3024
137.0000,171.0000,203.9184,162.3024
147.0000,172.0000,199.9200,159.1200
155.0000,172.0000,199.9200,159.1200
161.0000,167.0000,203.9184,162.3024
167.0000,165.0000,207.9968,165.5484
173.0000,164.0000,212.1567,168.8594
179.0000,158.0000,216.3998,172.2366
185.0000,156.0000,220.7278,175.6813
195.0000,154.0000,216.3998,172.2366
203.0000,154.0000,216.3998,172.2366
209.0000,148.0000,220.7278,175.6813
210.0000,146.0000,225.1424,179.1950
218.0000,142.0000,225.1424,179.1950
222.0000,138.0000,225.1424,179.1950
226.0000,134.0000,225.1424,179.1950
230.0000,130.0000,225.1424,179.1950
232.0000,125.0000,229.6452,182.7789
238.0000,118.0000,225.1424,179.1950
242.0000,114.0000,225.1424,179.1950
246.0000,110.0000,225.1424,179.1950
244.0000,105.0000,229.6452,182.7789
242.0000,99.0000,234.2381,186.4344
242.0000,99.0000,234.2381,186.4344
242.0000,99.0000,234.2381,186.4344
244.0000,101.0000,229.6452,182.7789
246.0000,98.0000,225.1424,179.1950
246.0000,98.0000,225.1424,179.1950
246.0000,98.0000,225.1424,179.1950
250.0000,98.0000,225.1424,179.1950
250.0000,98.0000,225.1424,179.1950
250.0000,98.0000,225.1424,179.1950
257.0000,100.0000,220.7278,175.6813
261.0000,100.0000,212.1567,168.8594
263.0000,101.0000,207.9968,165.5484
263.0000,101.0000,207.9968,165.5484
265.0000,96.0000,212.1567,168.8594
267.0000,94.0000,216.3998,172.2366
271.0000,94.0000,216.3998,172.2366
275.0000,94.0000,216.3998,172.2366
283.0000,94.0000,216.3998,172.2366
287.0000,90.0000,216.3998,172.2366
293.0000,88.0000,220.7278,175.6813
301.0000,88.0000,220.7278,175.6813
307.0000,90.0000,216.3998,172.2366
315.0000,90.0000,216.3998,172.2366
329.0000,92.0000,212.1567,168.8594
339.0000,93.0000,207.9968,165.5484
349.0000,92.0000,212.1567,168.8594
355.0000,90.0000,216.3998,172.2366
367.0000,86.0000,216.3998,172.2366
375.0000,86.0000,216.3998,172.2366
387.0000,86.0000,216.3998,172.2366
395.0000,90.0000,216.3998,172.2366
409.0000,92.0000,212.1567,168.8594
419.0000,93.0000,207.9968,165.5484
421.0000,92.0000,212.1567,168.8594
429.0000,92.0000,212.1567,168.8594
435.0000,93.0000,207.9968,165.5484
437.0000,99.0000,203.9184,162.3024
441.0000,103.0000,203.9184,162.3024
441.0000,103.0000,203.9184,162.3024
441.0000,103.0000,203.9184,162.3024
441.0000,103.0000,203.9184,162.3024
441.0000,103.0000,203.9184,162.3024
437.0000,103.0000,203.9184,162.3024
437.0000,107.0000,203.9184,162.3024
439.0000,108.0000,199.9200,159.1200
435.0000,108.0000,199.9200,159.1200
435.0000,104.0000,199.9200,159.1200
431.0000,104.0000,199.9200,159.1200
431.0000,104.0000,199.9200,159.1200
427.0000,104.0000,199.9200,159.1200
429.0000,102.0000,196.0000,156.0000
429.0000,102.0000,196.0000,156.0000
429.0000,102.0000,196.0000,156.0000
429.0000,102.0000,196.0000,156.0000
429.0000,102.0000,196.0000,156.0000
429.0000,102.0000,196.0000,156.0000
433.0000,102.0000,196.0000,156.0000
431.0000,100.0000,199.9200,159.1200
435.0000,100.0000,199.9200,159.1200
435.0000,104.0000,199.9200,159.1200
439.0000,104.0000,199.9200,159.1200
437.0000,103.0000,203.9184,162.3024
441.0000,107.0000,203.9184,162.3024
445.0000,107.0000,203.9184,162.3024
447.0000,108.0000,199.9200,159.1200
447.0000,109.0000,207.9968,165.5484
451.0000,113.0000,207.9968,165.5484
455.0000,113.0000,207.9968,165.5484
455.0000,117.0000,207.9968,165.5484
461.0000,123.0000,203.9184,162.3024
467.0000,124.0000,199.9200,159.1200
467.0000,124.0000,199.9200,159.1200
467.0000,124.0000,199.9200,159.1200
469.0000,130.0000,196.0000,156.0000
471.0000,132.0000,192.1569,152.9412
471.0000,132.0000,192.1569,152.9412
471.0000,132.0000,192.1569,152.9412
469.0000,137.0000,188.3891,149.9423
471.0000,138.0000,184.6952,147.0023
465.0000,133.0000,188.3891,149.9423
465.0000,133.0000,188.3891,149.9423
459.0000,128.0000,192.1569,152.9412
459.0000,128.0000,192.1569,152.9412
459.0000,128.0000,192.1569,152.9412
457.0000,125.0000,188.3891,149.9423
457.0000,125.0000,188.3891,149.9423
455.0000,120.0000,192.1569,152.9412
453.0000,118.0000,196.0000,156.0000
453.0000,118.0000,196.0000,156.0000
453.0000,118.0000,196.0000,156.0000
453.0000,118.0000,196.0000,156.0000
455.0000,116.0000,199.9200,159.1200
455.0000,120.0000,199.9200,159.1200
455.0000,120.0000,199.9200,159.1200
459.0000,120.0000,199.9200,159.1200
459.0000,124.0000,199.9200,159.1200
463.0000,124.0000,199.9200,159.1200
463.0000,124.0000,199.9200,159.1200
469.0000,130.0000,196.0000,156.0000
469.0000,130.0000,196.0000,156.0000
469.0000,130.0000,196.0000,156.0000
469.0000,134.0000,196.0000,156.0000
465.0000,134.0000,196.0000,156.0000
467.0000,140.0000,192.1569,152.9412
463.0000,140.0000,192.1569,152.9412
459.0000,140.0000,192.1569,152.9412
455.0000,144.0000,192.1569,152.9412
451.0000,144.0000,192.1569,152.9412
447.0000,144.0000,192.1569,152.9412
439.0000,144.0000,192.1569,152.9412
431.0000,144.0000,192.1569,152.9412
423.0000,144.0000,192.1569,152.9412
415.0000,144.0000,192.1569,152.9412
407.0000,140.0000,192.1569,152.9412
399.0000,140.0000,192.1569,152.9412
395.0000,136.0000,192.1569,152.9412
389.0000,134.0000,196.0000,156.0000
385.0000,130.0000,196.0000,156.0000
379.0000,124.0000,199.9200,159.1200
375.0000,124.0000,199.9200,159.1200
371.0000,120.0000,199.9200,159.1200
367.0000,120.0000,199.9200,159.1200
363.0000,120.0000,199.9200,159.1200
363.0000,120.0000,199.9200,159.1200
357.0000,115.0000,203.9184,162.3024
357.0000,115.0000,203.9184,162.3024
357.0000,115.0000,203.9184,162.3024
353.0000,115.0000,203.9184,162.3024
353.0000,115.0000,203.9184,162.3024
349.0000,115.0000,203.9184,162.3024
351.0000,116.0000,199.9200,159.1200
347.0000,116.0000,199.9200,159.1200
347.0000,116.0000,199.9200,159.1200
345.0000,114.0000,196.0000,156.0000
343.0000,116.0000,192.1569,152.9412
339.0000,112.0000,192.1569,152.9412
337.0000,113.0000,188.3891,149.9423
335.0000,114.0000,184.6952,147.0023
332.0000,116.0000,181.0737,144.1199
328.0000,116.0000,181.0737,144.1199
326.0000,117.0000,177.5232,141.2940
322.0000,117.0000,177.5232,141.2940
318.0000,117.0000,177.5232,141.2940
312.0000,119.0000,174.0424,138.5235
308.0000,119.0000,174.0424,138.5235
304.0000,123.0000,174.0424,138.5235
300.0000,123.0000,174.0424,138.5235
300.0000,123.0000,174.0424,138.5235
296.0000,127.0000,174.0424,138.5235
296.0000,127.0000,174.0424,138.5235
296.0000,131.0000,174.0424,138.5235
302.0000,132.0000,170.6298,135.8074
302.0000,136.0000,170.6298,135.8074
302.0000,136.0000,170.6298,135.8074
302.0000,140.0000,170.6298,135.8074
302.0000,140.0000,170.6298,135.8074
306.0000,140.0000,170.6298,135.8074
306.0000,140.0000,170.6298,135.8074
306.0000,144.0000,170.6298,135.8074
306.0000,144.0000,170.6298,135.8074
306.0000,144.0000,170.6298,135.8074
306.0000,148.0000,170.6298,135.8074
302.0000,148.0000,170.6298,135.8074
302.0000,148.0000,170.6298,135.8074
302.0000,148.0000,170.6298,135.8074
302.0000,148.0000,170.6298,135.8074
302.0000,148.0000,170.6298,135.8074
302.0000,148.0000,170.6298,135.8074
302.0000,148.0000,170.6298,135.8074
302.0000,148.0000,170.6298,135.8074
302.0000,148.0000,170.6298,135.8074
302.0000,144.0000,170.6298,135.8074
306.0000,140.0000,170.6298,135.8074
306.0000,140.0000,170.6298,135.8074
308.0000,135.0000,174.0424,138.5235
308.0000,135.0000,174.0424,138.5235
308.0000,131.0000,174.0424,138.5235
312.0000,131.0000,174.0424,138.5235
310.0000,125.0000,177.5232,141.2940
314.0000,125.0000,177.5232,141.2940
312.0000,120.0000,181.0737,144.1199
316.0000,120.0000,181.0737,144.1199
315.0000,114.0000,184.6952,147.0023
315.0000,110.0000,184.6952,147.0023
319.0000,106.0000,184.6952,147.0023
319.0000,102.0000,184.6952,147.0023
323.0000,94.0000,184.6952,147.0023
323.0000,90.0000,184.6952,147.0023
321.0000,81.0000,188.3891,149.9423
321.0000,77.0000,188.3891,149.9423
321.0000,69.0000,188.3891,149.9423
321.0000,65.0000,188.3891,149.9423
321.0000,57.0000,188.3891,149.9423
317.0000,53.0000,188.3891,149.9423
315.0000,48.0000,192.1569,152.9412
311.0000,44.0000,192.1569,152.9412
307.0000,40.0000,192.1569,152.9412
303.0000,36.0000,192.1569,152.9412
299.0000,32.0000,192.1569,152.9412
293.0000,29.0000,188.3891,149.9423
289.0000,29.0000,188.3891,149.9423
283.0000,26.0000,184.6952,147.0023
280.0000,28.0000,181.0737,144.1199
272.0000,24.0000,181.0737,144.1199
270.0000,21.0000,177.5232,141.2940
262.0000,21.0000,177.5232,141.2940
258.0000,17.0000,177.5232,141.2940
254.0000,17.0000,177.5232,141.2940
246.0000,17.0000,177.5232,141.2940
242.0000,13.0000,177.5232,141.2940
238.0000,17.0000,177.5232,141.2940
234.0000,17.0000,177.5232,141.2940
230.0000,17.0000,177.5232,141.2940
226.0000,17.0000,177.5232,141.2940
226.0000,21.0000,177.5232,141.2940
222.0000,21.0000,177.5232,141.2940
224.0000,27.0000,174.0424,138.5235
224.0000,27.0000,174.0424,138.5235
224.0000,27.0000,174.0424,138.5235
228.0000,27.0000,174.0424,138.5235
228.0000,31.0000,174.0424,138.5235
232.0000,31.0000,174.0424,138.5235
232.0000,31.0000,174.0424,138.5235
236.0000,31.0000,174.0424,138.5235
236.0000,31.0000,174.0424,138.5235
240.0000,31.0000,174.0424,138.5235
240.0000,35.0000,174.0424,138.5235
240.0000,35.0000,174.0424,138.5235
244.0000,35.0000,174.0424,138.5235
244.0000,35.0000,174.0424,138.5235
244.0000,31.0000,174.0424,138.5235
244.0000,31.0000,174.0424,138.5235
244.0000,31.0000,174.0424,138.5235
244.0000,27.0000,174.0424,138.5235
240.0000,27.0000,174.0424,138.5235
240.0000,27.0000,174.0424,138.5235
240.0000,27.0000,174.0424,138.5235
240.0000,27.0000,174.0424,138.5235
244.0000,27.0000,174.0424,138.5235
244.0000,27.0000,174.0424,138.5235
246.0000,25.0000,177.5232,141.2940
244.0000,20.0000,181.0737,144.1199
248.0000,20.0000,181.0737,144.1199
248.0000,20.0000,181.0737,144.1199
252.0000,20.0000,181.0737,144.1199
256.0000,20.0000,181.0737,144.1199
260.0000,20.0000,181.0737,144.1199
264.0000,16.0000,181.0737,144.1199
268.0000,16.0000,181.0737,144.1199
268.0000,20.0000,181.0737,144.1199
272.0000,20.0000,181.0737,144.1199
276.0000,20.0000,181.0737,144.1199
280.0000,24.0000,181.0737,144.1199
284.0000,28.0000,181.0737,144.1199
284.0000,28.0000,181.0737,144.1199
287.0000,30.0000,184.6952,147.0023
291.0000,34.0000,184.6952,147.0023
291.0000,38.0000,184.6952,147.0023
293.0000,37.0000,188.3891,149.9423
291.0000,40.0000,192.1569,152.9412
291.0000,44.0000,192.1569,152.9412
295.0000,44.0000,192.1569,152.9412
295.0000,48.0000,192.1569,152.9412
299.0000,52.0000,192.1569,152.9412
299.0000,56.0000,192.1569,152.9412
299.0000,60.0000,192.1569,152.9412
299.0000,64.0000,192.1569,152.9412
301.0000,62.0000,196.0000,156.0000
301.0000,66.0000,196.0000,156.0000
301.0000,70.0000,196.0000,156.0000
305.0000,74.0000,196.0000,156.0000
305.0000,78.0000,196.0000,156.0000
309.0000,82.0000,196.0000,156.0000
309.0000,86.0000,196.0000,156.0000
307.0000,88.0000,199.9200,159.1200
305.0000,91.0000,203.9184,162.3024
309.0000,95.0000,203.9184,162.3024
309.0000,99.0000,203.9184,162.3024
307.0000,101.0000,207.9968,165.5484
311.0000,105.0000,207.9968,165.5484
311.0000,109.0000,207.9968,165.5484
311.0000,113.0000,207.9968,165.5484
311.0000,117.0000,207.9968,165.5484
309.0000,120.0000,212.1567,168.8594
307.0000,122.0000,216.3998,172.2366
303.0000,126.0000,216.3998,172.2366
301.0000,128.0000,220.7278,175.6813
294.0000,126.0000,225.1424,179.1950
294.0000,130.0000,225.1424,179.1950
288.0000,133.0000,229.6452,182.7789
282.0000,131.0000,234.2381,186.4344
282.0000,131.0000,234.2381,186.4344
278.0000,135.0000,234.2381,186.4344
278.0000,135.0000,234.2381,186.4344
274.0000,139.0000,234.2381,186.4344
274.0000,139.0000,234.2381,186.4344
274.0000,139.0000,234.2381,186.4344
274.0000,139.0000,234.2381,186.4344
274.0000,143.0000,234.2381,186.4344
274.0000,147.0000,234.2381,186.4344
274.0000,147.0000,234.2381,186.4344
278.0000,147.0000,234.2381,186.4344
282.0000,147.0000,234.2381,186.4344
286.0000,147.0000,234.2381,186.4344
294.0000,143.0000,234.2381,186.4344
302.0000,139.0000,234.2381,186.4344
310.0000,135.0000,234.2381,186.4344
322.0000,131.0000,234.2381,186.4344
334.0000,123.0000,234.2381,186.4344
346.0000,115.0000,234.2381,186.4344
354.0000,111.0000,234.2381,186.4344
366.0000,103.0000,234.2381,186.4344
370.0000,99.0000,234.2381,186.4344
378.0000,91.0000,234.2381,186.4344
382.0000,87.0000,234.2381,186.4344
386.0000,83.0000,234.2381,186.4344
390.0000,79.0000,234.2381,186.4344
394.0000,71.0000,234.2381,186.4344
398.0000,67.0000,234.2381,186.4344
398.0000,67.0000,234.2381,186.4344
398.0000,63.0000,234.2381,186.4344
398.0000,59.0000,234.2381,186.4344
398.0000,59.0000,234.2381,186.4344
398.0000,59.0000,234.2381,186.4344
394.0000,59.0000,234.2381,186.4344
390.0000,63.0000,234.2381,186.4344
386.0000,67.0000,234.2381,186.4344
384.0000,69.0000,229.6452,182.7789
380.0000,73.0000,229.6452,182.7789
376.0000,73.0000,229.6452,182.7789
372.0000,73.0000,229.6452,182.7789
364.0000,77.0000,229.6452,182.7789
360.0000,77.0000,229.6452,182.7789
356.0000,81.0000,229.6452,182.7789
356.0000,81.0000,229.6452,182.7789
352.0000,85.0000,229.6452,182.7789
348.0000,89.0000,229.6452,182.7789
344.0000,89.0000,229.6452,182.7789
340.0000,89.0000,229.6452,182.7789
336.0000,93.0000,229.6452,182.7789
332.0000,93.0000,229.6452,182.7789
328.0000,97.0000,229.6452,182.7789
320.0000,105.0000,229.6452,182.7789
312.0000,109.0000,229.6452,182.7789
304.0000,113.0000,229.6452,182.7789
292.0000,117.0000,229.6452,182.7789
284.0000,117.0000,229.6452,182.7789
272.0000,121.0000,229.6452,182.7789
264.0000,125.0000,229.6452,182.7789
248.0000,125.0000,229.6452,182.7789
228.0000,125.0000,229.6452,182.7789
212.0000,121.0000,229.6452,182.7789
192.0000,121.0000,229.6452,182.7789
168.0000,121.0000,229.6452,182.7789
152.0000,121.0000,229.6452,182.7789
132.0000,125.0000,229.6452,182.7789
120.0000,121.0000,229.6452,182.7789
108.0000,121.0000,229.6452,182.7789
92.0000,121.0000,229.6452,182.7789
80.0000,121.0000,229.6452,182.7789
72.0000,117.0000,229.6452,182.7789
64.0000,117.0000,229.6452,182.7789
60.0000,117.0000,229.6452,182.7789
56.0000,117.0000,229.6452,182.7789
52.0000,117.0000,229.6452,182.7789
52.0000,117.0000,229.6452,182.7789
52.0000,117.0000,229.6452,182.7789
52.0000,117.0000,229.6452,182.7789
52.0000,117.0000,229.6452,182.7789
56.0000,117.0000,229.6452,182.7789
56.0000,117.0000,229.6452,182.7789
56.0000,117.0000,229.6452,182.7789
56.0000,117.0000,229.6452,182.7789
56.0000,117.0000,229.6452,182.7789
56.0000,117.0000,229.6452,182.7789
56.0000,117.0000,229.6452,182.7789
58.0000,114.0000,225.1424,179.1950
58.0000,114.0000,225.1424,179.1950
58.0000,114.0000,225.1424,179.1950
58.0000,114.0000,225.1424,179.1950
58.0000,114.0000,225.1424,179.1950
62.0000,118.0000,225.1424,179.1950
64.0000,117.0000,229.6452,182.7789
68.0000,117.0000,229.6452,182.7789
72.0000,117.0000,229.6452,182.7789
80.0000,121.0000,229.6452,182.7789
92.0000,121.0000,229.6452,182.7789
104.0000,121.0000,229.6452,182.7789
116.0000,121.0000,229.6452,182.7789
128.0000,121.0000,229.6452,182.7789
144.0000,121.0000,229.6452,182.7789
160.0000,121.0000,229.6452,182.7789
174.0000,123.0000,234.2381,186.4344
190.0000,123.0000,234.2381,186.4344
206.0000,123.0000,234.2381,186.4344
218.0000,131.0000,234.2381,186.4344
232.0000,137.0000,229.6452,182.7789
246.0000,138.0000,225.1424,179.1950
254.0000,138.0000,225.1424,179.1950
262.0000,142.0000,225.1424,179.1950
273.0000,148.0000,220.7278,175.6813
277.0000,144.0000,220.7278,175.6813
281.0000,140.0000,220.7278,175.6813
287.0000,138.0000,216.3998,172.2366
291.0000,134.0000,216.3998,172.2366
291.0000,130.0000,216.3998,172.2366
295.0000,126.0000,216.3998,172.2366
297.0000,124.0000,212.1567,168.8594
301.0000,120.0000,212.1567,168.8594
305.0000,120.0000,212.1567,168.8594
307.0000,121.0000,207.9968,165.5484
311.0000,117.0000,207.9968,165.5484
315.0000,117.0000,207.9968,165.5484
319.0000,117.0000,207.9968,165.5484
323.0000,117.0000,207.9968,165.5484
327.0000,117.0000,207.9968,165.5484
335.0000,117.0000,207.9968,165.5484
343.0000,117.0000,207.9968,165.5484
347.0000,117.0000,207.9968,165.5484
355.0000,117.0000,207.9968,165.5484
363.0000,117.0000,207.9968,165.5484
367.0000,117.0000,207.9968,165.5484
375.0000,121.0000,207.9968,165.5484
379.0000,121.0000,207.9968,165.5484
383.0000,121.0000,207.9968,165.5484
387.0000,121.0000,207.9968,165.5484
391.0000,125.0000,207.9968,165.5484
395.0000,125.0000,207.9968,165.5484
395.0000,125.0000,207.9968,165.5484
395.0000,125.0000,207.9968,165.5484
391.0000,129.0000,207.9968,165.5484
391.0000,129.0000,207.9968,165.5484
387.0000,133.0000,207.9968,165.5484
383.0000,137.0000,207.9968,165.5484
379.0000,137.0000,207.9968,165.5484
371.0000,137.0000,207.9968,165.5484
365.0000,135.0000,203.9184,162.3024
361.0000,139.0000,203.9184,162.3024
357.0000,135.0000,203.9184,162.3024
353.0000,135.0000,203.9184,162.3024
345.0000,135.0000,203.9184,162.3024
337.0000,135.0000,203.9184,162.3024
333.0000,131.0000,203.9184,162.3024
325.0000,135.0000,203.9184,162.3024
321.0000,135.0000,203.9184,162.3024
321.0000,131.0000,203.9184,162.3024
321.0000,131.0000,203.9184,162.3024
317.0000,131.0000,203.9184,162.3024
313.0000,135.0000,203.9184,162.3024
309.0000,135.0000,203.9184,162.3024
305.0000,135.0000,203.9184,162.3024
305.0000,135.0000,203.9184,162.3024
305.0000,135.0000,203.9184,162.3024
305.0000,135.0000,203.9184,162.3024
305.0000,135.0000,203.9184,162.3024
305.0000,127.0000,203.9184,162.3024
305.0000,123.0000,203.9184,162.3024
309.0000,123.0000,203.9184,162.3024
317.0000,127.0000,203.9184,162.3024
313.0000,131.0000,203.9184,162.3024
313.0000,127.0000,203.9184,162.3024
313.0000,127.0000,203.9184,162.3024
317.0000,127.0000,203.9184,162.3024
317.0000,123.0000,203.9184,162.3024
313.0000,127.0000,203.9184,162.3024
313.0000,123.0000,203.9184,162.3024
313.0000,119.0000,203.9184,162.3024
313.0000,119.0000,203.9184,162.3024
313.0000,119.0000,203.9184,162.3024
313.0000,123.0000,203.9184,162.3024
313.0000,127.0000,203.9184,162.3024
313.0000,127.0000,203.9184,162.3024
313.0000,123.0000,203.9184,162.3024
313.0000,115.0000,203.9184,162.3024
313.0000,115.0000,203.9184,162.3024
313.0000,115.0000,203.9184,162.3024
313.0000,115.0000,203.9184,162.3024
313.0000,119.0000,203.9184,162.3024
313.0000,123.0000,203.9184,162.3024
313.0000,123.0000,203.9184,162.3024
313.0000,123.0000,203.9184,162.3024
313.0000,123.0000,203.9184,162.3024
313.0000,123.0000,203.9184,162.3024
309.0000,123.0000,203.9184,162.3024
309.0000,127.0000,203.9184,162.3024
305.0000,127.0000,203.9184,162.3024
305.0000,127.0000,203.9184,162.3024
305.0000,127.0000,203.9184,162.3024
301.0000,127.0000,203.9184,162.3024
301.0000,127.0000,203.9184,162.3024
301.0000,127.0000,203.9184,162.3024
301.0000,127.0000,203.9184,162.3024
301.0000,127.0000,203.9184,162.3024
305.0000,127.0000,203.9184,162.3024
305.0000,127.0000,203.9184,162.3024
309.0000,123.0000,203.9184,162.3024
311.0000,124.0000,199.9200,159.1200
315.0000,124.0000,199.9200,159.1200
315.0000,120.0000,199.9200,159.1200
313.0000,119.0000,203.9184,162.3024
317.0000,119.0000,203.9184,162.3024
317.0000,119.0000,203.9184,162.3024
321.0000,115.0000,203.9184,162.3024
321.0000,115.0000,203.9184,162.3024
325.0000,115.0000,203.9184,162.3024
329.0000,115.0000,203.9184,162.3024
329.0000,115.0000,203.9184,162.3024
333.0000,111.0000,203.9184,162.3024
333.0000,111.0000,203.9184,162.3024
337.0000,111.0000,203.9184,162.3024
337.0000,111.0000,203.9184,162.3024
341.0000,111.0000,203.9184,162.3024
345.0000,115.0000,203.9184,162.3024
349.0000,115.0000,203.9184,162.3024
349.0000,115.0000,203.9184,162.3024
353.0000,115.0000,203.9184,162.3024
353.0000,119.0000,203.9184,162.3024
357.0000,123.0000,203.9184,162.3024
357.0000,123.0000,203.9184,162.3024
357.0000,123.0000,203.9184,162.3024
353.0000,119.0000,203.9184,162.3024
349.0000,119.0000,203.9184,162.3024
349.0000,119.0000,203.9184,162.3024
349.0000,115.0000,203.9184,162.3024
345.0000,111.0000,203.9184,162.3024
341.0000,111.0000,203.9184,162.3024
337.0000,115.0000,203.9184,162.3024
337.0000,115.0000,203.9184,162.3024
333.0000,115.0000,203.9184,162.3024
325.0000,119.0000,203.9184,162.3024
321.0000,119.0000,203.9184,162.3024
317.0000,119.0000,203.9184,162.3024
317.0000,119.0000,203.9184,162.3024
321.0000,119.0000,203.9184,162.3024
321.0000,119.0000,203.9184,162.3024
323.0000,124.0000,199.9200,159.1200
327.0000,124.0000,199.9200,159.1200
327.0000,124.0000,199.9200,159.1200
393.0000,83.0000,203.9184,162.3024
405.0000,83.0000,203.9184,162.3024
409.0000,83.0000,203.9184,162.3024
413.0000,83.0000,203.9184,162.3024
411.0000,85.0000,207.9968,165.5484
415.0000,85.0000,207.9968,165.5484
415.0000,89.0000,207.9968,165.5484
415.0000,89.0000,207.9968,165.5484
415.0000,89.0000,207.9968,165.5484
411.0000,93.0000,207.9968,165.5484
407.0000,93.0000,207.9968,165.5484
403.0000,97.0000,207.9968,165.5484
395.0000,101.0000,207.9968,165.5484
391.0000,105.0000,207.9968,165.5484
383.0000,105.0000,207.9968,165.5484
371.0000,105.0000,207.9968,165.5484
363.0000,109.0000,207.9968,165.5484
