336.0000,165.0000,26.0000,61.0000
336.0000,164.0000,26.0000,61.0000
336.0000,164.0000,26.0000,61.0000
332.0000,164.0000,26.5200,62.2200
332.0000,164.0000,26.5200,62.2200
332.0000,164.0000,26.0000,61.0000
328.0000,168.0000,26.0000,61.0000
328.0000,168.0000,26.0000,61.0000
333.0000,166.0000,24.5004,57.4817
333.0000,167.0000,24.0200,56.3546
333.0000,167.0000,23.5490,55.2496
333.0000,166.0000,24.5004,57.4817
333.0000,166.0000,24.9904,58.6313
329.0000,167.0000,24.0200,56.3546
329.0000,167.0000,24.0200,56.3546
329.0000,166.0000,24.9904,58.6313
328.0000,165.0000,25.4902,59.8039
328.0000,164.0000,26.5200,62.2200
327.0000,163.0000,27.0504,63.4644
327.0000,159.0000,27.0504,63.4644
328.0000,160.0000,26.5200,62.2200
328.0000,165.0000,25.4902,59.8039
328.0000,161.0000,25.4902,59.8039
328.0000,161.0000,26.0000,61.0000
328.0000,161.0000,26.0000,61.0000
329.0000,158.0000,24.9904,58.6313
329.0000,158.0000,24.5004,57.4817
329.0000,159.0000,24.0200,56.3546
329.0000,159.0000,23.5490,55.2496
329.0000,159.0000,24.0200,56.3546
329.0000,159.0000,24.0200,56.3546
329.0000,159.0000,24.0200,56.3546
329.0000,158.0000,24.5004,57.4817
332.0000,153.0000,25.4902,59.8039
332.0000,153.0000,26.0000,61.0000
332.0000,152.0000,26.5200,62.2200
332.0000,152.0000,26.5200,62.2200
331.0000,151.0000,27.0504,63.4644
332.0000,152.0000,26.5200,62.2200
331.0000,154.0000,28.1432,66.0284
335.0000,150.0000,28.1432,66.0284
331.0000,150.0000,28.1432,66.0284
331.0000,151.0000,27.0504,63.4644
331.0000,151.0000,27.5914,64.7337
331.0000,151.0000,27.5914,64.7337
331.0000,151.0000,27.5914,64.7337
331.0000,150.0000,28.1432,66.0284
331.0000,151.0000,27.5914,64.7337
331.0000,151.0000,27.0504,63.4644
332.0000,152.0000,26.5200,62.2200
332.0000,153.0000,26.0000,61.0000
332.0000,153.0000,26.0000,61.0000
333.0000,154.0000,24.9904,58.6313
336.0000,153.0000,25.4902,59.8039
336.0000,153.0000,26.0000,61.0000
336.0000,157.0000,25.4902,59.8039
337.0000,158.0000,24.9904,58.6313
336.0000,157.0000,25.4902,59.8039
337.0000,158.0000,24.9904,58.6313
337.0000,158.0000,24.5004,57.4817
337.0000,159.0000,23.5490,55.2496
337.0000,159.0000,24.0200,56.3546
333.0000,155.0000,24.0200,56.3546
333.0000,154.0000,24.9904,58.6313
332.0000,153.0000,25.4902,59.8039
328.0000,153.0000,26.0000,61.0000
328.0000,153.0000,26.0000,61.0000
324.0000,153.0000,25.4902,59.8039
324.0000,153.0000,25.4902,59.8039
324.0000,153.0000,25.4902,59.8039
324.0000,157.0000,25.4902,59.8039
325.0000,158.0000,24.9904,58.6313
325.0000,158.0000,24.9904,58.6313
325.0000,158.0000,24.9904,58.6313
325.0000,158.0000,24.9904,58.6313
325.0000,158.0000,24.9904,58.6313
324.0000,157.0000,25.4902,59.8039
324.0000,157.0000,25.4902,59.8039
324.0000,157.0000,25.4902,59.8039
324.0000,157.0000,25.4902,59.8039
324.0000,157.0000,25.4902,59.8039
325.0000,158.0000,24.9904,58.6313
321.0000,158.0000,24.9904,58.6313
321.0000,158.0000,24.5004,57.4817
321.0000,158.0000,24.9904,58.6313
321.0000,158.0000,24.9904,58.6313
324.0000,157.0000,25.4902,59.8039
324.0000,157.0000,26.0000,61.0000
324.0000,157.0000,25.4902,59.8039
324.0000,157.0000,26.0000,61.0000
328.0000,161.0000,26.0000,61.0000
328.0000,161.0000,26.0000,61.0000
328.0000,161.0000,26.0000,61.0000
328.0000,161.0000,26.0000,61.0000
333.0000,162.0000,24.9904,58.6313
332.0000,161.0000,25.4902,59.8039
336.0000,161.0000,25.4902,59.8039
336.0000,157.0000,26.0000,61.0000
336.0000,157.0000,26.0000,61.0000
336.0000,157.0000,26.0000,61.0000
336.0000,157.0000,26.0000,61.0000
336.0000,157.0000,26.0000,61.0000
340.0000,156.0000,26.5200,62.2200
340.0000,156.0000,26.5200,62.2200
340.0000,156.0000,26.5200,62.2200
339.0000,155.0000,27.0504,63.4644
339.0000,155.0000,27.0504,63.4644
339.0000,155.0000,27.0504,63.4644
343.0000,155.0000,27.5914,64.7337
343.0000,154.0000,28.1432,66.0284
343.0000,154.0000,28.1432,66.0284
347.0000,158.0000,28.1432,66.0284
351.0000,158.0000,28.1432,66.0284
351.0000,159.0000,27.5914,64.7337
355.0000,159.0000,27.5914,64.7337
355.0000,159.0000,27.5914,64.7337
359.0000,159.0000,27.5914,64.7337
359.0000,158.0000,28.1432,66.0284
363.0000,158.0000,28.1432,66.0284
367.0000,158.0000,28.1432,66.0284
367.0000,158.0000,28.1432,66.0284
367.0000,157.0000,28.7061,67.3489
367.0000,162.0000,28.1432,66.0284
367.0000,163.0000,27.5914,64.7337
367.0000,163.0000,27.0504,63.4644
367.0000,163.0000,27.0504,63.4644
367.0000,163.0000,27.0504,63.4644
371.0000,163.0000,27.5914,64.7337
371.0000,162.0000,28.1432,66.0284
371.0000,161.0000,28.7061,67.3489
371.0000,161.0000,28.7061,67.3489
375.0000,166.0000,28.1432,66.0284
375.0000,166.0000,28.1432,66.0284
379.0000,166.0000,28.1432,66.0284
379.0000,166.0000,28.1432,66.0284
379.0000,166.0000,28.1432,66.0284
379.0000,170.0000,28.1432,66.0284
383.0000,171.0000,27.5914,64.7337
383.0000,171.0000,27.5914,64.7337
387.0000,171.0000,27.5914,64.7337
391.0000,171.0000,27.5914,64.7337
391.0000,170.0000,28.1432,66.0284
391.0000,169.0000,28.7061,67.3489
395.0000,174.0000,28.1432,66.0284
395.0000,174.0000,28.1432,66.0284
399.0000,174.0000,28.1432,66.0284
399.0000,179.0000,27.0504,63.4644
403.0000,179.0000,27.0504,63.4644
403.0000,179.0000,27.0504,63.4644
407.0000,179.0000,27.0504,63.4644
411.0000,174.0000,28.1432,66.0284
411.0000,174.0000,28.1432,66.0284
411.0000,174.0000,28.1432,66.0284
411.0000,174.0000,28.1432,66.0284
411.0000,175.0000,27.5914,64.7337
411.0000,175.0000,27.5914,64.7337
411.0000,175.0000,27.0504,63.4644
411.0000,175.0000,27.0504,63.4644
411.0000,175.0000,27.0504,63.4644
411.0000,175.0000,27.0504,63.4644
415.0000,175.0000,27.5914,64.7337
415.0000,175.0000,27.5914,64.7337
415.0000,174.0000,28.1432,66.0284
415.0000,174.0000,28.1432,66.0284
415.0000,174.0000,28.1432,66.0284
419.0000,179.0000,27.0504,63.4644
424.0000,180.0000,26.5200,62.2200
428.0000,181.0000,26.0000,61.0000
440.0000,180.0000,26.5200,62.2200
444.0000,180.0000,26.5200,62.2200
448.0000,180.0000,26.5200,62.2200
451.0000,175.0000,27.0504,63.4644
455.0000,175.0000,27.5914,64.7337
455.0000,175.0000,27.5914,64.7337
459.0000,175.0000,27.5914,64.7337
459.0000,170.0000,28.1432,66.0284
463.0000,171.0000,27.5914,64.7337
463.0000,166.0000,28.1432,66.0284
463.0000,166.0000,28.1432,66.0284
463.0000,167.0000,27.5914,64.7337
467.0000,167.0000,27.0504,63.4644
467.0000,167.0000,27.0504,63.4644
467.0000,167.0000,27.0504,63.4644
467.0000,167.0000,27.5914,64.7337
467.0000,166.0000,28.1432,66.0284
467.0000,171.0000,27.0504,63.4644
471.0000,171.0000,27.5914,64.7337
471.0000,170.0000,28.1432,66.0284
471.0000,169.0000,28.7061,67.3489
467.0000,174.0000,28.1432,66.0284
467.0000,175.0000,27.0504,63.4644
467.0000,175.0000,27.0504,63.4644
463.0000,175.0000,27.0504,63.4644
463.0000,175.0000,27.0504,63.4644
459.0000,175.0000,27.0504,63.4644
456.0000,176.0000,26.5200,62.2200
456.0000,176.0000,26.5200,62.2200
456.0000,176.0000,26.5200,62.2200
456.0000,177.0000,26.0000,61.0000
452.0000,177.0000,25.4902,59.8039
453.0000,178.0000,24.9904,58.6313
453.0000,178.0000,24.5004,57.4817
456.0000,173.0000,25.4902,59.8039
456.0000,173.0000,25.4902,59.8039
457.0000,174.0000,24.9904,58.6313
456.0000,169.0000,25.4902,59.8039
457.0000,170.0000,24.9904,58.6313
456.0000,165.0000,25.4902,59.8039
453.0000,166.0000,24.5004,57.4817
453.0000,166.0000,24.5004,57.4817
453.0000,167.0000,24.0200,56.3546
449.0000,167.0000,24.0200,56.3546
449.0000,167.0000,24.0200,56.3546
449.0000,167.0000,24.0200,56.3546
449.0000,167.0000,24.0200,56.3546
449.0000,167.0000,24.0200,56.3546
449.0000,162.0000,24.9904,58.6313
448.0000,161.0000,25.4902,59.8039
448.0000,161.0000,25.4902,59.8039
448.0000,161.0000,25.4902,59.8039
452.0000,161.0000,25.4902,59.8039
452.0000,161.0000,26.0000,61.0000
452.0000,161.0000,26.0000,61.0000
452.0000,161.0000,26.0000,61.0000
452.0000,161.0000,25.4902,59.8039
452.0000,161.0000,25.4902,59.8039
452.0000,161.0000,25.4902,59.8039
452.0000,157.0000,26.0000,61.0000
452.0000,156.0000,26.5200,62.2200
456.0000,156.0000,26.5200,62.2200
456.0000,157.0000,26.0000,61.0000
456.0000,157.0000,26.0000,61.0000
460.0000,157.0000,26.0000,61.0000
460.0000,157.0000,25.4902,59.8039
464.0000,153.0000,26.0000,61.0000
468.0000,153.0000,26.0000,61.0000
472.0000,153.0000,25.4902,59.8039
476.0000,153.0000,25.4902,59.8039
484.0000,149.0000,25.4902,59.8039
497.0000,150.0000,24.9904,58.6313
504.0000,145.0000,25.4902,59.8039
508.0000,145.0000,25.4902,59.8039
512.0000,141.0000,26.0000,61.0000
520.0000,141.0000,26.0000,61.0000
528.0000,141.0000,26.0000,61.0000
532.0000,137.0000,26.0000,61.0000
536.0000,137.0000,26.0000,61.0000
536.0000,137.0000,26.0000,61.0000
536.0000,133.0000,25.4902,59.8039
537.0000,134.0000,24.9904,58.6313
537.0000,134.0000,24.9904,58.6313
537.0000,130.0000,24.9904,58.6313
537.0000,130.0000,24.5004,57.4817
533.0000,130.0000,24.5004,57.4817
533.0000,131.0000,24.0200,56.3546
529.0000,131.0000,24.0200,56.3546
529.0000,131.0000,24.0200,56.3546
525.0000,131.0000,24.0200,56.3546
525.0000,131.0000,23.5490,55.2496
521.0000,132.0000,23.0873,54.1663
521.0000,132.0000,23.0873,54.1663
518.0000,132.0000,22.6346,53.1042
518.0000,132.0000,22.6346,53.1042
514.0000,128.0000,22.6346,53.1042
514.0000,128.0000,22.6346,53.1042
509.0000,128.0000,23.0873,54.1663
505.0000,124.0000,23.0873,54.1663
506.0000,124.0000,22.6346,53.1042
506.0000,124.0000,22.6346,53.1042
501.0000,124.0000,23.0873,54.1663
501.0000,120.0000,23.0873,54.1663
497.0000,115.0000,23.5490,55.2496
497.0000,115.0000,23.5490,55.2496
493.0000,111.0000,23.5490,55.2496
489.0000,111.0000,24.0200,56.3546
489.0000,107.0000,24.0200,56.3546
489.0000,103.0000,24.0200,56.3546
489.0000,103.0000,24.0200,56.3546
489.0000,103.0000,24.0200,56.3546
489.0000,103.0000,24.0200,56.3546
489.0000,103.0000,24.0200,56.3546
489.0000,103.0000,24.0200,56.3546
493.0000,99.0000,24.0200,56.3546
493.0000,99.0000,24.0200,56.3546
493.0000,99.0000,23.5490,55.2496
493.0000,99.0000,24.0200,56.3546
493.0000,99.0000,24.0200,56.3546
493.0000,98.0000,24.5004,57.4817
497.0000,94.0000,24.5004,57.4817
497.0000,94.0000,24.5004,57.4817
497.0000,94.0000,24.5004,57.4817
497.0000,94.0000,24.5004,57.4817
497.0000,94.0000,24.5004,57.4817
497.0000,95.0000,24.0200,56.3546
497.0000,95.0000,24.0200,56.3546
497.0000,95.0000,24.0200,56.3546
493.0000,95.0000,24.0200,56.3546
493.0000,95.0000,24.0200,56.3546
489.0000,95.0000,23.5490,55.2496
485.0000,96.0000,23.0873,54.1663
485.0000,96.0000,23.0873,54.1663
481.0000,95.0000,23.5490,55.2496
477.0000,95.0000,23.5490,55.2496
469.0000,96.0000,23.0873,54.1663
465.0000,96.0000,23.0873,54.1663
465.0000,100.0000,23.0873,54.1663
461.0000,103.0000,23.5490,55.2496
457.0000,103.0000,24.0200,56.3546
449.0000,103.0000,24.0200,56.3546
445.0000,103.0000,24.0200,56.3546
445.0000,103.0000,23.5490,55.2496
445.0000,104.0000,23.0873,54.1663
441.0000,104.0000,23.0873,54.1663
441.0000,104.0000,23.0873,54.1663
441.0000,104.0000,23.0873,54.1663
437.0000,104.0000,23.0873,54.1663
437.0000,104.0000,23.0873,54.1663
437.0000,104.0000,23.0873,54.1663
433.0000,104.0000,23.0873,54.1663
433.0000,108.0000,23.0873,54.1663
437.0000,107.0000,24.0200,56.3546
437.0000,107.0000,24.0200,56.3546
437.0000,107.0000,24.0200,56.3546
433.0000,103.0000,24.0200,56.3546
433.0000,107.0000,24.0200,56.3546
433.0000,103.0000,24.0200,56.3546
433.0000,103.0000,24.0200,56.3546
429.0000,103.0000,24.0200,56.3546
429.0000,103.0000,24.0200,56.3546
425.0000,103.0000,24.0200,56.3546
425.0000,103.0000,23.5490,55.2496
421.0000,103.0000,23.5490,55.2496
417.0000,103.0000,23.5490,55.2496
417.0000,103.0000,23.5490,55.2496
413.0000,104.0000,23.0873,54.1663
413.0000,104.0000,23.0873,54.1663
413.0000,103.0000,23.5490,55.2496
409.0000,99.0000,23.5490,55.2496
405.0000,99.0000,23.5490,55.2496
405.0000,99.0000,23.5490,55.2496
401.0000,103.0000,23.5490,55.2496
401.0000,103.0000,23.5490,55.2496
397.0000,99.0000,23.5490,55.2496
393.0000,99.0000,23.5490,55.2496
389.0000,99.0000,23.5490,55.2496
385.0000,99.0000,23.5490,55.2496
381.0000,99.0000,23.5490,55.2496
377.0000,95.0000,23.5490,55.2496
377.0000,95.0000,23.5490,55.2496
377.0000,95.0000,23.5490,55.2496
