288.0000,143.0000,35.0000,42.0000
287.0000,143.0000,35.0000,42.0000
291.0000,143.0000,35.0000,42.0000
292.0000,143.0000,34.3137,41.1765
295.0000,143.0000,35.0000,42.0000
295.0000,143.0000,35.0000,42.0000
295.0000,138.0000,36.4140,43.6968
295.0000,138.0000,36.4140,43.6968
295.0000,139.0000,35.7000,42.8400
295.0000,139.0000,35.0000,42.0000
295.0000,138.0000,36.4140,43.6968
300.0000,143.0000,34.3137,41.1765
300.0000,143.0000,35.0000,42.0000
296.0000,143.0000,35.0000,42.0000
296.0000,143.0000,34.3137,41.1765
296.0000,144.0000,33.6409,40.3691
296.0000,143.0000,35.0000,42.0000
296.0000,143.0000,35.0000,42.0000
295.0000,143.0000,35.7000,42.8400
295.0000,142.0000,36.4140,43.6968
294.0000,142.0000,37.1423,44.5707
294.0000,141.0000,37.8851,45.4622
295.0000,147.0000,35.7000,42.8400
295.0000,147.0000,35.7000,42.8400
295.0000,147.0000,35.7000,42.8400
291.0000,146.0000,36.4140,43.6968
290.0000,146.0000,37.1423,44.5707
290.0000,146.0000,37.1423,44.5707
290.0000,145.0000,37.8851,45.4622
290.0000,145.0000,38.6428,46.3714
290.0000,145.0000,37.8851,45.4622
290.0000,145.0000,37.8851,45.4622
289.0000,144.0000,39.4157,47.2988
290.0000,145.0000,38.6428,46.3714
290.0000,145.0000,37.8851,45.4622
291.0000,146.0000,36.4140,43.6968
291.0000,146.0000,36.4140,43.6968
291.0000,147.0000,35.7000,42.8400
292.0000,147.0000,35.0000,42.0000
292.0000,147.0000,35.0000,42.0000
292.0000,147.0000,35.0000,42.0000
291.0000,147.0000,35.7000,42.8400
292.0000,147.0000,35.0000,42.0000
292.0000,147.0000,35.0000,42.0000
292.0000,147.0000,35.0000,42.0000
292.0000,147.0000,35.0000,42.0000
292.0000,147.0000,35.0000,42.0000
291.0000,147.0000,35.7000,42.8400
291.0000,147.0000,35.7000,42.8400
290.0000,146.0000,37.1423,44.5707
290.0000,150.0000,37.1423,44.5707
291.0000,150.0000,36.4140,43.6968
291.0000,151.0000,35.7000,42.8400
292.0000,151.0000,35.0000,42.0000
288.0000,151.0000,34.3137,41.1765
288.0000,151.0000,34.3137,41.1765
288.0000,151.0000,35.0000,42.0000
287.0000,150.0000,36.4140,43.6968
287.0000,155.0000,35.7000,42.8400
288.0000,155.0000,35.0000,42.0000
288.0000,155.0000,35.0000,42.0000
288.0000,155.0000,35.0000,42.0000
288.0000,155.0000,35.0000,42.0000
288.0000,155.0000,35.0000,42.0000
288.0000,155.0000,35.0000,42.0000
292.0000,155.0000,34.3137,41.1765
292.0000,156.0000,33.6409,40.3691
292.0000,155.0000,34.3137,41.1765
292.0000,155.0000,35.0000,42.0000
296.0000,155.0000,34.3137,41.1765
296.0000,155.0000,34.3137,41.1765
296.0000,155.0000,35.0000,42.0000
300.0000,155.0000,35.0000,42.0000
299.0000,155.0000,35.7000,42.8400
303.0000,159.0000,35.7000,42.8400
307.0000,159.0000,35.7000,42.8400
312.0000,167.0000,35.0000,42.0000
311.0000,175.0000,35.7000,42.8400
315.0000,179.0000,35.7000,42.8400
315.0000,187.0000,35.7000,42.8400
315.0000,191.0000,35.7000,42.8400
315.0000,195.0000,35.7000,42.8400
315.0000,199.0000,35.7000,42.8400
311.0000,203.0000,35.7000,42.8400
311.0000,203.0000,35.7000,42.8400
303.0000,203.0000,35.7000,42.8400
300.0000,203.0000,35.0000,42.0000
296.0000,199.0000,35.0000,42.0000
291.0000,191.0000,35.7000,42.8400
287.0000,183.0000,35.7000,42.8400
287.0000,174.0000,36.4140,43.6968
283.0000,162.0000,36.4140,43.6968
282.0000,154.0000,37.1423,44.5707
282.0000,145.0000,37.8851,45.4622
282.0000,138.0000,37.1423,44.5707
282.0000,129.0000,37.8851,45.4622
282.0000,130.0000,37.1423,44.5707
282.0000,129.0000,37.8851,45.4622
286.0000,130.0000,37.1423,44.5707
286.0000,134.0000,37.1423,44.5707
291.0000,142.0000,36.4140,43.6968
290.0000,150.0000,37.1423,44.5707
294.0000,158.0000,37.1423,44.5707
294.0000,174.0000,37.1423,44.5707
298.0000,182.0000,37.1423,44.5707
298.0000,194.0000,37.1423,44.5707
298.0000,198.0000,37.1423,44.5707
294.0000,198.0000,37.1423,44.5707
290.0000,198.0000,37.1423,44.5707
282.0000,190.0000,37.1423,44.5707
279.0000,182.0000,36.4140,43.6968
270.0000,174.0000,37.1423,44.5707
266.0000,166.0000,37.1423,44.5707
258.0000,161.0000,37.8851,45.4622
250.0000,161.0000,37.8851,45.4622
246.0000,161.0000,38.6428,46.3714
241.0000,160.0000,40.2040,48.2448
236.0000,163.0000,41.0081,49.2097
237.0000,168.0000,40.2040,48.2448
237.0000,172.0000,40.2040,48.2448
237.0000,176.0000,40.2040,48.2448
241.0000,176.0000,39.4157,47.2988
246.0000,177.0000,38.6428,46.3714
254.0000,169.0000,37.8851,45.4622
258.0000,162.0000,37.1423,44.5707
266.0000,154.0000,37.1423,44.5707
278.0000,146.0000,37.1423,44.5707
286.0000,146.0000,37.1423,44.5707
290.0000,142.0000,37.1423,44.5707
298.0000,141.0000,37.8851,45.4622
301.0000,140.0000,39.4157,47.2988
309.0000,144.0000,39.4157,47.2988
313.0000,148.0000,40.2040,48.2448
316.0000,155.0000,41.0081,49.2097
320.0000,163.0000,41.8282,50.1939
324.0000,175.0000,41.8282,50.1939
324.0000,183.0000,41.0081,49.2097
324.0000,191.0000,41.0081,49.2097
325.0000,192.0000,40.2040,48.2448
321.0000,192.0000,40.2040,48.2448
313.0000,184.0000,39.4157,47.2988
309.0000,180.0000,39.4157,47.2988
305.0000,172.0000,40.2040,48.2448
297.0000,164.0000,40.2040,48.2448
293.0000,156.0000,40.2040,48.2448
289.0000,148.0000,40.2040,48.2448
285.0000,144.0000,40.2040,48.2448
281.0000,144.0000,40.2040,48.2448
276.0000,143.0000,41.0081,49.2097
276.0000,143.0000,41.0081,49.2097
272.0000,143.0000,41.0081,49.2097
272.0000,151.0000,41.0081,49.2097
273.0000,160.0000,40.2040,48.2448
269.0000,168.0000,39.4157,47.2988
269.0000,168.0000,39.4157,47.2988
266.0000,169.0000,38.6428,46.3714
266.0000,169.0000,37.8851,45.4622
266.0000,169.0000,37.8851,45.4622
262.0000,165.0000,37.8851,45.4622
258.0000,161.0000,37.8851,45.4622
258.0000,158.0000,37.1423,44.5707
254.0000,154.0000,37.1423,44.5707
254.0000,154.0000,37.1423,44.5707
254.0000,154.0000,37.1423,44.5707
259.0000,154.0000,36.4140,43.6968
263.0000,158.0000,36.4140,43.6968
263.0000,162.0000,36.4140,43.6968
263.0000,170.0000,36.4140,43.6968
263.0000,178.0000,36.4140,43.6968
263.0000,183.0000,35.7000,42.8400
263.0000,191.0000,35.7000,42.8400
267.0000,191.0000,35.7000,42.8400
268.0000,187.0000,35.0000,42.0000
268.0000,179.0000,35.0000,42.0000
268.0000,175.0000,35.0000,42.0000
268.0000,167.0000,35.0000,42.0000
267.0000,167.0000,35.7000,42.8400
271.0000,162.0000,36.4140,43.6968
275.0000,162.0000,36.4140,43.6968
279.0000,162.0000,36.4140,43.6968
287.0000,162.0000,36.4140,43.6968
295.0000,163.0000,35.7000,42.8400
303.0000,167.0000,35.7000,42.8400
307.0000,171.0000,35.7000,42.8400
311.0000,171.0000,35.7000,42.8400
311.0000,171.0000,35.7000,42.8400
311.0000,171.0000,35.7000,42.8400
311.0000,171.0000,35.7000,42.8400
307.0000,171.0000,35.7000,42.8400
303.0000,175.0000,35.7000,42.8400
299.0000,182.0000,36.4140,43.6968
298.0000,190.0000,37.1423,44.5707
294.0000,194.0000,37.1423,44.5707
290.0000,202.0000,37.1423,44.5707
282.0000,206.0000,37.1423,44.5707
274.0000,206.0000,37.1423,44.5707
270.0000,205.0000,37.8851,45.4622
266.0000,197.0000,38.6428,46.3714
265.0000,188.0000,39.4157,47.2988
265.0000,180.0000,40.2040,48.2448
269.0000,172.0000,40.2040,48.2448
273.0000,168.0000,39.4157,47.2988
282.0000,169.0000,38.6428,46.3714
290.0000,169.0000,38.6428,46.3714
298.0000,177.0000,38.6428,46.3714
306.0000,185.0000,38.6428,46.3714
309.0000,192.0000,39.4157,47.2988
313.0000,192.0000,39.4157,47.2988
313.0000,200.0000,40.2040,48.2448
309.0000,200.0000,40.2040,48.2448
305.0000,200.0000,40.2040,48.2448
297.0000,196.0000,39.4157,47.2988
290.0000,189.0000,38.6428,46.3714
281.0000,188.0000,39.4157,47.2988
273.0000,184.0000,39.4157,47.2988
265.0000,184.0000,40.2040,48.2448
261.0000,184.0000,40.2040,48.2448
257.0000,184.0000,39.4157,47.2988
257.0000,188.0000,39.4157,47.2988
257.0000,188.0000,39.4157,47.2988
261.0000,188.0000,39.4157,47.2988
269.0000,180.0000,39.4157,47.2988
273.0000,176.0000,39.4157,47.2988
277.0000,172.0000,39.4157,47.2988
281.0000,172.0000,39.4157,47.2988
281.0000,172.0000,39.4157,47.2988
281.0000,176.0000,39.4157,47.2988
281.0000,180.0000,39.4157,47.2988
281.0000,180.0000,39.4157,47.2988
281.0000,180.0000,39.4157,47.2988
281.0000,180.0000,39.4157,47.2988
278.0000,173.0000,38.6428,46.3714
270.0000,165.0000,37.8851,45.4622
266.0000,158.0000,37.1423,44.5707
263.0000,154.0000,36.4140,43.6968
259.0000,154.0000,36.4140,43.6968
255.0000,151.0000,35.7000,42.8400
252.0000,151.0000,35.0000,42.0000
248.0000,155.0000,35.0000,42.0000
248.0000,155.0000,34.3137,41.1765
244.0000,163.0000,34.3137,41.1765
240.0000,167.0000,34.3137,41.1765
240.0000,175.0000,35.0000,42.0000
240.0000,175.0000,35.0000,42.0000
244.0000,175.0000,35.0000,42.0000
244.0000,167.0000,34.3137,41.1765
248.0000,163.0000,34.3137,41.1765
252.0000,155.0000,34.3137,41.1765
260.0000,155.0000,34.3137,41.1765
264.0000,151.0000,34.3137,41.1765
268.0000,151.0000,34.3137,41.1765
276.0000,148.0000,33.6409,40.3691
281.0000,148.0000,32.9813,39.5775
281.0000,148.0000,32.9813,39.5775
281.0000,148.0000,32.9813,39.5775
281.0000,152.0000,32.9813,39.5775
277.0000,152.0000,32.9813,39.5775
273.0000,152.0000,32.9813,39.5775
265.0000,145.0000,32.3346,38.8015
261.0000,137.0000,31.7006,38.0407
257.0000,133.0000,31.7006,38.0407
249.0000,129.0000,31.7006,38.0407
241.0000,125.0000,31.7006,38.0407
229.0000,129.0000,31.7006,38.0407
213.0000,137.0000,31.7006,38.0407
197.0000,145.0000,31.7006,38.0407
181.0000,161.0000,31.7006,38.0407
169.0000,173.0000,31.7006,38.0407
161.0000,189.0000,31.7006,38.0407
165.0000,197.0000,32.3346,38.8015
165.0000,201.0000,32.3346,38.8015
165.0000,205.0000,32.3346,38.8015
169.0000,201.0000,32.3346,38.8015
169.0000,197.0000,32.3346,38.8015
169.0000,189.0000,32.3346,38.8015
173.0000,185.0000,32.3346,38.8015
181.0000,177.0000,32.3346,38.8015
185.0000,177.0000,32.3346,38.8015
189.0000,177.0000,32.3346,38.8015
193.0000,184.0000,32.9813,39.5775
197.0000,188.0000,32.9813,39.5775
196.0000,192.0000,33.6409,40.3691
200.0000,199.0000,34.3137,41.1765
204.0000,203.0000,35.0000,42.0000
208.0000,207.0000,35.0000,42.0000
211.0000,215.0000,35.7000,42.8400
203.0000,219.0000,35.7000,42.8400
199.0000,223.0000,35.7000,42.8400
199.0000,222.0000,36.4140,43.6968
199.0000,214.0000,36.4140,43.6968
199.0000,206.0000,36.4140,43.6968
199.0000,206.0000,36.4140,43.6968
198.0000,206.0000,37.1423,44.5707
202.0000,206.0000,37.1423,44.5707
203.0000,206.0000,36.4140,43.6968
203.0000,214.0000,36.4140,43.6968
203.0000,218.0000,36.4140,43.6968
203.0000,222.0000,36.4140,43.6968
203.0000,222.0000,36.4140,43.6968
199.0000,218.0000,36.4140,43.6968
199.0000,210.0000,36.4140,43.6968
199.0000,202.0000,36.4140,43.6968
199.0000,194.0000,36.4140,43.6968
199.0000,194.0000,36.4140,43.6968
199.0000,194.0000,36.4140,43.6968
199.0000,194.0000,36.4140,43.6968
199.0000,194.0000,36.4140,43.6968
199.0000,194.0000,36.4140,43.6968
199.0000,198.0000,36.4140,43.6968
199.0000,206.0000,36.4140,43.6968
199.0000,206.0000,36.4140,43.6968
199.0000,206.0000,36.4140,43.6968
199.0000,202.0000,36.4140,43.6968
199.0000,198.0000,36.4140,43.6968
199.0000,194.0000,36.4140,43.6968
199.0000,194.0000,36.4140,43.6968
199.0000,194.0000,36.4140,43.6968
199.0000,194.0000,36.4140,43.6968
199.0000,198.0000,36.4140,43.6968
199.0000,202.0000,36.4140,43.6968
199.0000,206.0000,36.4140,43.6968
199.0000,214.0000,36.4140,43.6968
199.0000,218.0000,36.4140,43.6968
195.0000,222.0000,36.4140,43.6968
195.0000,222.0000,36.4140,43.6968
199.0000,215.0000,35.7000,42.8400
200.0000,207.0000,35.0000,42.0000
200.0000,203.0000,35.0000,42.0000
196.0000,195.0000,34.3137,41.1765
192.0000,191.0000,34.3137,41.1765
184.0000,188.0000,33.6409,40.3691
180.0000,188.0000,33.6409,40.3691
180.0000,184.0000,33.6409,40.3691
180.0000,184.0000,33.6409,40.3691
176.0000,192.0000,33.6409,40.3691
168.0000,196.0000,33.6409,40.3691
168.0000,204.0000,33.6409,40.3691
168.0000,208.0000,33.6409,40.3691
168.0000,212.0000,33.6409,40.3691
168.0000,212.0000,33.6409,40.3691
172.0000,212.0000,33.6409,40.3691
172.0000,208.0000,33.6409,40.3691
172.0000,207.0000,34.3137,41.1765
176.0000,207.0000,34.3137,41.1765
180.0000,207.0000,34.3137,41.1765
188.0000,207.0000,34.3137,41.1765
192.0000,215.0000,34.3137,41.1765
196.0000,219.0000,34.3137,41.1765
208.0000,223.0000,34.3137,41.1765
220.0000,227.0000,34.3137,41.1765
228.0000,231.0000,34.3137,41.1765
240.0000,227.0000,34.3137,41.1765
252.0000,219.0000,35.0000,42.0000
260.0000,207.0000,35.0000,42.0000
263.0000,199.0000,35.7000,42.8400
275.0000,191.0000,35.7000,42.8400
283.0000,187.0000,35.7000,42.8400
291.0000,187.0000,35.7000,42.8400
291.0000,187.0000,35.7000,42.8400
291.0000,191.0000,35.7000,42.8400
291.0000,199.0000,35.7000,42.8400
291.0000,207.0000,35.7000,42.8400
287.0000,215.0000,35.7000,42.8400
279.0000,223.0000,35.7000,42.8400
268.0000,227.0000,35.0000,42.0000
256.0000,231.0000,35.0000,42.0000
240.0000,231.0000,35.0000,42.0000
220.0000,231.0000,34.3137,41.1765
208.0000,239.0000,35.0000,42.0000
200.0000,239.0000,35.0000,42.0000
192.0000,239.0000,35.0000,42.0000
188.0000,243.0000,35.0000,42.0000
176.0000,243.0000,35.0000,42.0000
163.0000,243.0000,35.7000,42.8400
159.0000,234.0000,36.4140,43.6968
155.0000,222.0000,36.4140,43.6968
159.0000,206.0000,36.4140,43.6968
166.0000,198.0000,37.1423,44.5707
178.0000,194.0000,37.1423,44.5707
186.0000,194.0000,37.1423,44.5707
194.0000,202.0000,37.1423,44.5707
206.0000,206.0000,37.1423,44.5707
218.0000,218.0000,37.1423,44.5707
234.0000,230.0000,37.1423,44.5707
246.0000,242.0000,37.1423,44.5707
262.0000,250.0000,37.1423,44.5707
274.0000,254.0000,37.1423,44.5707
286.0000,254.0000,37.1423,44.5707
303.0000,246.0000,36.4140,43.6968
315.0000,243.0000,35.7000,42.8400
327.0000,239.0000,35.7000,42.8400
343.0000,235.0000,35.7000,42.8400
355.0000,231.0000,35.7000,42.8400
367.0000,231.0000,35.7000,42.8400
371.0000,231.0000,35.7000,42.8400
372.0000,231.0000,35.0000,42.0000
368.0000,235.0000,35.0000,42.0000
360.0000,235.0000,34.3137,41.1765
344.0000,243.0000,34.3137,41.1765
328.0000,251.0000,34.3137,41.1765
308.0000,255.0000,34.3137,41.1765
288.0000,259.0000,34.3137,41.1765
268.0000,256.0000,33.6409,40.3691
256.0000,252.0000,33.6409,40.3691
240.0000,244.0000,33.6409,40.3691
224.0000,239.0000,34.3137,41.1765
212.0000,231.0000,34.3137,41.1765
204.0000,227.0000,34.3137,41.1765
196.0000,223.0000,34.3137,41.1765
196.0000,219.0000,34.3137,41.1765
196.0000,219.0000,34.3137,41.1765
200.0000,219.0000,35.0000,42.0000
208.0000,219.0000,35.0000,42.0000
212.0000,219.0000,35.0000,42.0000
220.0000,219.0000,34.3137,41.1765
232.0000,219.0000,34.3137,41.1765
248.0000,212.0000,33.6409,40.3691
256.0000,208.0000,33.6409,40.3691
264.0000,200.0000,33.6409,40.3691
272.0000,199.0000,34.3137,41.1765
280.0000,191.0000,34.3137,41.1765
288.0000,191.0000,34.3137,41.1765
296.0000,191.0000,34.3137,41.1765
304.0000,195.0000,35.0000,42.0000
311.0000,203.0000,35.7000,42.8400
319.0000,211.0000,35.7000,42.8400
327.0000,219.0000,35.7000,42.8400
331.0000,227.0000,35.7000,42.8400
339.0000,235.0000,35.7000,42.8400
343.0000,239.0000,35.7000,42.8400
347.0000,238.0000,36.4140,43.6968
351.0000,230.0000,36.4140,43.6968
350.0000,222.0000,37.1423,44.5707
350.0000,217.0000,37.8851,45.4622
350.0000,213.0000,38.6428,46.3714
346.0000,209.0000,38.6428,46.3714
337.0000,208.0000,39.4157,47.2988
333.0000,208.0000,39.4157,47.2988
325.0000,208.0000,39.4157,47.2988
313.0000,216.0000,39.4157,47.2988
305.0000,224.0000,39.4157,47.2988
293.0000,232.0000,39.4157,47.2988
281.0000,240.0000,39.4157,47.2988
269.0000,240.0000,39.4157,47.2988
257.0000,236.0000,39.4157,47.2988
245.0000,228.0000,39.4157,47.2988
237.0000,224.0000,40.2040,48.2448
228.0000,219.0000,41.0081,49.2097
216.0000,211.0000,41.0081,49.2097
208.0000,211.0000,41.8282,50.1939
200.0000,210.0000,42.6648,51.1978
192.0000,206.0000,42.6648,51.1978
184.0000,206.0000,42.6648,51.1978
180.0000,203.0000,41.8282,50.1939
180.0000,199.0000,41.0081,49.2097
188.0000,195.0000,41.0081,49.2097
196.0000,187.0000,41.0081,49.2097
208.0000,175.0000,41.0081,49.2097
220.0000,171.0000,41.0081,49.2097
232.0000,171.0000,41.8282,50.1939
244.0000,171.0000,41.8282,50.1939
256.0000,175.0000,41.8282,50.1939
268.0000,179.0000,41.8282,50.1939
276.0000,183.0000,41.8282,50.1939
284.0000,191.0000,41.8282,50.1939
288.0000,199.0000,41.8282,50.1939
288.0000,203.0000,41.8282,50.1939
288.0000,203.0000,41.8282,50.1939
284.0000,195.0000,41.8282,50.1939
284.0000,187.0000,41.8282,50.1939
280.0000,179.0000,41.8282,50.1939
280.0000,171.0000,41.8282,50.1939
276.0000,163.0000,41.8282,50.1939
272.0000,163.0000,41.8282,50.1939
268.0000,167.0000,41.8282,50.1939
264.0000,171.0000,41.8282,50.1939
264.0000,175.0000,41.8282,50.1939
268.0000,183.0000,41.8282,50.1939
272.0000,191.0000,41.0081,49.2097
272.0000,199.0000,41.0081,49.2097
277.0000,208.0000,40.2040,48.2448
277.0000,212.0000,39.4157,47.2988
281.0000,212.0000,39.4157,47.2988
281.0000,204.0000,39.4157,47.2988
285.0000,192.0000,39.4157,47.2988
289.0000,180.0000,39.4157,47.2988
290.0000,169.0000,38.6428,46.3714
290.0000,161.0000,38.6428,46.3714
286.0000,153.0000,37.8851,45.4622
286.0000,145.0000,37.8851,45.4622
286.0000,137.0000,37.8851,45.4622
282.0000,137.0000,37.8851,45.4622
274.0000,137.0000,37.8851,45.4622
270.0000,137.0000,37.8851,45.4622
262.0000,142.0000,37.1423,44.5707
254.0000,146.0000,37.1423,44.5707
250.0000,146.0000,37.1423,44.5707
246.0000,150.0000,37.1423,44.5707
242.0000,158.0000,37.1423,44.5707
234.0000,162.0000,37.1423,44.5707
226.0000,170.0000,37.1423,44.5707
222.0000,178.0000,37.1423,44.5707
219.0000,186.0000,36.4140,43.6968
215.0000,194.0000,36.4140,43.6968
215.0000,198.0000,36.4140,43.6968
215.0000,199.0000,35.7000,42.8400
215.0000,199.0000,35.7000,42.8400
223.0000,190.0000,36.4140,43.6968
231.0000,178.0000,36.4140,43.6968
235.0000,162.0000,36.4140,43.6968
235.0000,150.0000,36.4140,43.6968
235.0000,138.0000,36.4140,43.6968
235.0000,130.0000,36.4140,43.6968
235.0000,122.0000,36.4140,43.6968
235.0000,122.0000,36.4140,43.6968
235.0000,122.0000,36.4140,43.6968
231.0000,130.0000,36.4140,43.6968
227.0000,138.0000,36.4140,43.6968
227.0000,146.0000,36.4140,43.6968
227.0000,154.0000,36.4140,43.6968
231.0000,170.0000,36.4140,43.6968
231.0000,178.0000,36.4140,43.6968
235.0000,186.0000,36.4140,43.6968
235.0000,190.0000,36.4140,43.6968
231.0000,190.0000,36.4140,43.6968
227.0000,190.0000,36.4140,43.6968
219.0000,182.0000,36.4140,43.6968
215.0000,174.0000,36.4140,43.6968
211.0000,171.0000,35.7000,42.8400
204.0000,171.0000,35.0000,42.0000
200.0000,171.0000,34.3137,41.1765
200.0000,172.0000,33.6409,40.3691
200.0000,176.0000,33.6409,40.3691
200.0000,184.0000,33.6409,40.3691
196.0000,188.0000,33.6409,40.3691
196.0000,196.0000,33.6409,40.3691
196.0000,196.0000,33.6409,40.3691
197.0000,196.0000,32.9813,39.5775
201.0000,192.0000,32.9813,39.5775
201.0000,184.0000,32.9813,39.5775
204.0000,176.0000,33.6409,40.3691
208.0000,168.0000,33.6409,40.3691
212.0000,164.0000,33.6409,40.3691
212.0000,164.0000,33.6409,40.3691
217.0000,164.0000,32.9813,39.5775
221.0000,168.0000,32.9813,39.5775
224.0000,176.0000,33.6409,40.3691
224.0000,180.0000,33.6409,40.3691
228.0000,188.0000,33.6409,40.3691
228.0000,196.0000,33.6409,40.3691
224.0000,204.0000,33.6409,40.3691
224.0000,208.0000,33.6409,40.3691
220.0000,212.0000,33.6409,40.3691
217.0000,212.0000,32.9813,39.5775
212.0000,212.0000,33.6409,40.3691
212.0000,204.0000,33.6409,40.3691
212.0000,192.0000,33.6409,40.3691
212.0000,180.0000,33.6409,40.3691
212.0000,168.0000,33.6409,40.3691
212.0000,160.0000,33.6409,40.3691
208.0000,152.0000,33.6409,40.3691
204.0000,151.0000,34.3137,41.1765
200.0000,147.0000,34.3137,41.1765
200.0000,147.0000,35.0000,42.0000
199.0000,147.0000,35.7000,42.8400
195.0000,155.0000,35.7000,42.8400
195.0000,162.0000,36.4140,43.6968
198.0000,166.0000,37.1423,44.5707
198.0000,174.0000,37.1423,44.5707
202.0000,185.0000,37.8851,45.4622
210.0000,193.0000,37.8851,45.4622
210.0000,197.0000,37.8851,45.4622
214.0000,197.0000,37.8851,45.4622
218.0000,193.0000,38.6428,46.3714
222.0000,181.0000,38.6428,46.3714
226.0000,169.0000,38.6428,46.3714
230.0000,153.0000,38.6428,46.3714
233.0000,144.0000,39.4157,47.2988
241.0000,132.0000,40.2040,48.2448
249.0000,124.0000,40.2040,48.2448
248.0000,115.0000,41.0081,49.2097
252.0000,115.0000,41.8282,50.1939
260.0000,114.0000,42.6648,51.1978
263.0000,110.0000,43.5181,52.2217
263.0000,110.0000,43.5181,52.2217
263.0000,117.0000,44.3885,53.2662
263.0000,125.0000,44.3885,53.2662
263.0000,137.0000,44.3885,53.2662
259.0000,149.0000,44.3885,53.2662
259.0000,165.0000,44.3885,53.2662
255.0000,173.0000,44.3885,53.2662
251.0000,173.0000,44.3885,53.2662
247.0000,173.0000,44.3885,53.2662
246.0000,165.0000,45.2762,54.3315
238.0000,157.0000,45.2762,54.3315
238.0000,148.0000,46.1818,55.4181
237.0000,140.0000,47.1054,56.5265
241.0000,131.0000,48.0475,57.6570
241.0000,123.0000,48.0475,57.6570
249.0000,123.0000,48.0475,57.6570
253.0000,123.0000,48.0475,57.6570
257.0000,127.0000,48.0475,57.6570
