73.0000,126.0000,29.0000,23.0000
72.0000,125.0000,29.0000,23.0000
72.0000,125.0000,29.0000,23.0000
72.0000,125.0000,29.0000,23.0000
72.0000,125.0000,29.0000,23.0000
76.0000,125.0000,29.0000,23.0000
76.0000,125.0000,29.5800,23.4600
76.0000,125.0000,29.5800,23.4600
76.0000,125.0000,30.1716,23.9292
76.0000,125.0000,30.1716,23.9292
76.0000,125.0000,30.1716,23.9292
80.0000,125.0000,30.1716,23.9292
80.0000,125.0000,29.5800,23.4600
80.0000,121.0000,29.5800,23.4600
80.0000,121.0000,29.0000,23.0000
81.0000,122.0000,28.4314,22.5490
81.0000,122.0000,27.8739,22.1069
85.0000,122.0000,28.4314,22.5490
85.0000,122.0000,28.4314,22.5490
84.0000,121.0000,29.5800,23.4600
84.0000,121.0000,30.1716,23.9292
84.0000,121.0000,30.1716,23.9292
84.0000,121.0000,29.5800,23.4600
84.0000,121.0000,30.1716,23.9292
84.0000,121.0000,30.7750,24.4078
84.0000,121.0000,30.7750,24.4078
88.0000,121.0000,30.7750,24.4078
88.0000,121.0000,30.7750,24.4078
88.0000,121.0000,30.1716,23.9292
88.0000,121.0000,29.5800,23.4600
88.0000,121.0000,29.5800,23.4600
88.0000,121.0000,29.5800,23.4600
88.0000,121.0000,29.0000,23.0000
88.0000,121.0000,29.0000,23.0000
89.0000,122.0000,28.4314,22.5490
89.0000,122.0000,28.4314,22.5490
89.0000,122.0000,28.4314,22.5490
88.0000,121.0000,29.0000,23.0000
92.0000,121.0000,29.0000,23.0000
92.0000,121.0000,29.5800,23.4600
92.0000,121.0000,29.5800,23.4600
92.0000,125.0000,30.1716,23.9292
92.0000,125.0000,30.1716,23.9292
92.0000,125.0000,29.5800,23.4600
92.0000,125.0000,29.0000,23.0000
92.0000,125.0000,29.0000,23.0000
92.0000,125.0000,29.0000,23.0000
92.0000,125.0000,29.0000,23.0000
92.0000,125.0000,29.0000,23.0000
92.0000,125.0000,29.5800,23.4600
92.0000,125.0000,30.1716,23.9292
92.0000,125.0000,30.7750,24.4078
92.0000,125.0000,30.7750,24.4078
92.0000,125.0000,30.7750,24.4078
92.0000,125.0000,30.1716,23.9292
92.0000,125.0000,29.5800,23.4600
96.0000,125.0000,29.5800,23.4600
96.0000,125.0000,29.5800,23.4600
96.0000,125.0000,29.5800,23.4600
96.0000,125.0000,30.1716,23.9292
96.0000,125.0000,30.7750,24.4078
96.0000,125.0000,30.7750,24.4078
96.0000,125.0000,30.7750,24.4078
96.0000,125.0000,30.7750,24.4078
96.0000,125.0000,30.7750,24.4078
96.0000,125.0000,30.7750,24.4078
95.0000,125.0000,31.3905,24.8959
96.0000,125.0000,30.7750,24.4078
96.0000,125.0000,30.7750,24.4078
96.0000,125.0000,30.1716,23.9292
96.0000,125.0000,30.1716,23.9292
96.0000,125.0000,30.1716,23.9292
96.0000,125.0000,30.1716,23.9292
96.0000,125.0000,30.1716,23.9292
96.0000,125.0000,30.7750,24.4078
96.0000,125.0000,30.7750,24.4078
96.0000,125.0000,30.7750,24.4078
100.0000,125.0000,30.7750,24.4078
100.0000,125.0000,30.7750,24.4078
100.0000,125.0000,30.7750,24.4078
100.0000,125.0000,30.7750,24.4078
100.0000,125.0000,30.7750,24.4078
100.0000,125.0000,30.7750,24.4078
100.0000,125.0000,30.7750,24.4078
100.0000,125.0000,30.7750,24.4078
100.0000,125.0000,30.1716,23.9292
100.0000,125.0000,30.1716,23.9292
100.0000,125.0000,30.1716,23.9292
100.0000,125.0000,30.1716,23.9292
100.0000,125.0000,30.1716,23.9292
100.0000,125.0000,30.1716,23.9292
100.0000,125.0000,30.1716,23.9292
100.0000,125.0000,30.7750,24.4078
100.0000,125.0000,30.1716,23.9292
100.0000,125.0000,30.1716,23.9292
100.0000,125.0000,30.1716,23.9292
100.0000,125.0000,30.7750,24.4078
99.0000,125.0000,31.3905,24.8959
99.0000,125.0000,31.3905,24.8959
99.0000,125.0000,31.3905,24.8959
100.0000,125.0000,30.7750,24.4078
100.0000,125.0000,30.7750,24.4078
100.0000,125.0000,30.7750,24.4078
100.0000,125.0000,30.7750,24.4078
100.0000,125.0000,30.7750,24.4078
100.0000,125.0000,30.7750,24.4078
100.0000,125.0000,30.7750,24.4078
100.0000,125.0000,30.7750,24.4078
100.0000,125.0000,30.7750,24.4078
100.0000,125.0000,30.7750,24.4078
100.0000,125.0000,30.7750,24.4078
100.0000,125.0000,30.7750,24.4078
100.0000,125.0000,30.7750,24.4078
100.0000,125.0000,30.7750,24.4078
99.0000,125.0000,31.3905,24.8959
99.0000,125.0000,31.3905,24.8959
99.0000,125.0000,31.3905,24.8959
99.0000,125.0000,31.3905,24.8959
99.0000,125.0000,31.3905,24.8959
99.0000,125.0000,31.3905,24.8959
99.0000,125.0000,31.3905,24.8959
99.0000,125.0000,31.3905,24.8959
99.0000,121.0000,31.3905,24.8959
99.0000,121.0000,31.3905,24.8959
99.0000,121.0000,31.3905,24.8959
99.0000,125.0000,31.3905,24.8959
99.0000,121.0000,31.3905,24.8959
99.0000,121.0000,31.3905,24.8959
99.0000,121.0000,31.3905,24.8959
99.0000,121.0000,31.3905,24.8959
99.0000,121.0000,31.3905,24.8959
99.0000,121.0000,31.3905,24.8959
99.0000,125.0000,31.3905,24.8959
99.0000,125.0000,31.3905,24.8959
99.0000,125.0000,31.3905,24.8959
99.0000,125.0000,31.3905,24.8959
99.0000,125.0000,31.3905,24.8959
99.0000,125.0000,31.3905,24.8959
99.0000,125.0000,31.3905,24.8959
99.0000,125.0000,31.3905,24.8959
99.0000,125.0000,31.3905,24.8959
99.0000,124.0000,32.0183,25.3939
99.0000,124.0000,32.0183,25.3939
99.0000,124.0000,32.0183,25.3939
99.0000,124.0000,32.6587,25.9017
99.0000,124.0000,32.6587,25.9017
99.0000,124.0000,32.6587,25.9017
99.0000,124.0000,32.0183,25.3939
99.0000,124.0000,32.0183,25.3939
99.0000,124.0000,32.0183,25.3939
99.0000,124.0000,32.0183,25.3939
99.0000,124.0000,32.0183,25.3939
99.0000,124.0000,32.0183,25.3939
99.0000,124.0000,32.0183,25.3939
99.0000,124.0000,32.0183,25.3939
99.0000,124.0000,32.0183,25.3939
99.0000,124.0000,32.0183,25.3939
99.0000,124.0000,32.0183,25.3939
99.0000,124.0000,32.0183,25.3939
99.0000,124.0000,32.0183,25.3939
99.0000,124.0000,32.0183,25.3939
99.0000,124.0000,32.0183,25.3939
99.0000,124.0000,32.0183,25.3939
99.0000,124.0000,32.0183,25.3939
99.0000,124.0000,32.0183,25.3939
99.0000,124.0000,32.0183,25.3939
99.0000,124.0000,32.0183,25.3939
99.0000,124.0000,32.0183,25.3939
99.0000,124.0000,32.0183,25.3939
99.0000,124.0000,32.0183,25.3939
99.0000,124.0000,32.0183,25.3939
99.0000,124.0000,32.6587,25.9017
99.0000,124.0000,32.6587,25.9017
99.0000,124.0000,32.6587,25.9017
99.0000,124.0000,32.6587,25.9017
99.0000,124.0000,32.6587,25.9017
99.0000,124.0000,32.6587,25.9017
99.0000,124.0000,32.6587,25.9017
99.0000,124.0000,32.6587,25.9017
99.0000,124.0000,32.6587,25.9017
99.0000,124.0000,32.6587,25.9017
99.0000,124.0000,32.6587,25.9017
99.0000,124.0000,32.6587,25.9017
99.0000,124.0000,32.6587,25.9017
99.0000,124.0000,32.6587,25.9017
99.0000,124.0000,32.6587,25.9017
99.0000,124.0000,32.6587,25.9017
99.0000,124.0000,32.6587,25.9017
99.0000,124.0000,32.6587,25.9017
99.0000,124.0000,32.6587,25.9017
99.0000,124.0000,32.6587,25.9017
99.0000,124.0000,32.6587,25.9017
99.0000,124.0000,32.6587,25.9017
99.0000,124.0000,32.6587,25.9017
99.0000,124.0000,32.6587,25.9017
99.0000,124.0000,32.6587,25.9017
99.0000,124.0000,32.6587,25.9017
99.0000,124.0000,32.6587,25.9017
103.0000,124.0000,32.6587,25.9017
103.0000,124.0000,32.6587,25.9017
103.0000,124.0000,32.6587,25.9017
103.0000,124.0000,32.6587,25.9017
103.0000,124.0000,32.6587,25.9017
103.0000,124.0000,32.6587,25.9017
103.0000,124.0000,32.6587,25.9017
103.0000,124.0000,32.6587,25.9017
103.0000,124.0000,32.6587,25.9017
103.0000,124.0000,32.6587,25.9017
103.0000,124.0000,32.6587,25.9017
103.0000,124.0000,32.6587,25.9017
102.0000,124.0000,33.3119,26.4198
102.0000,124.0000,33.3119,26.4198
102.0000,124.0000,33.3119,26.4198
102.0000,124.0000,33.3119,26.4198
102.0000,124.0000,33.3119,26.4198
102.0000,124.0000,33.3119,26.4198
102.0000,124.0000,33.3119,26.4198
102.0000,124.0000,33.3119,26.4198
102.0000,124.0000,33.3119,26.4198
102.0000,124.0000,33.3119,26.4198
102.0000,124.0000,33.3119,26.4198
102.0000,124.0000,33.3119,26.4198
102.0000,124.0000,33.3119,26.4198
102.0000,124.0000,33.3119,26.4198
102.0000,124.0000,33.3119,26.4198
102.0000,124.0000,33.3119,26.4198
102.0000,124.0000,33.3119,26.4198
106.0000,124.0000,33.3119,26.4198
106.0000,124.0000,33.3119,26.4198
106.0000,124.0000,33.3119,26.4198
106.0000,124.0000,33.3119,26.4198
106.0000,124.0000,33.3119,26.4198
106.0000,124.0000,33.3119,26.4198
110.0000,124.0000,33.3119,26.4198
110.0000,124.0000,33.3119,26.4198
110.0000,124.0000,33.3119,26.4198
110.0000,124.0000,33.3119,26.4198
110.0000,124.0000,33.3119,26.4198
110.0000,124.0000,33.3119,26.4198
110.0000,124.0000,33.3119,26.4198
110.0000,124.0000,33.3119,26.4198
110.0000,124.0000,33.3119,26.4198
110.0000,124.0000,33.3119,26.4198
110.0000,124.0000,33.3119,26.4198
110.0000,124.0000,33.3119,26.4198
110.0000,124.0000,33.3119,26.4198
110.0000,124.0000,33.3119,26.4198
110.0000,124.0000,33.3119,26.4198
114.0000,124.0000,33.3119,26.4198
114.0000,124.0000,33.3119,26.4198
114.0000,124.0000,33.3119,26.4198
114.0000,124.0000,33.3119,26.4198
114.0000,124.0000,33.3119,26.4198
114.0000,124.0000,33.9781,26.9482
114.0000,124.0000,33.9781,26.9482
114.0000,124.0000,33.9781,26.9482
118.0000,120.0000,33.9781,26.9482
118.0000,120.0000,33.9781,26.9482
118.0000,120.0000,33.9781,26.9482
118.0000,120.0000,33.9781,26.9482
118.0000,120.0000,33.9781,26.9482
118.0000,119.0000,34.6577,27.4871
118.0000,119.0000,34.6577,27.4871
118.0000,119.0000,34.6577,27.4871
118.0000,119.0000,34.6577,27.4871
118.0000,119.0000,34.6577,27.4871
118.0000,119.0000,34.6577,27.4871
122.0000,119.0000,34.6577,27.4871
122.0000,119.0000,34.6577,27.4871
122.0000,119.0000,34.6577,27.4871
122.0000,119.0000,34.6577,27.4871
122.0000,119.0000,34.6577,27.4871
122.0000,119.0000,34.6577,27.4871
122.0000,119.0000,34.6577,27.4871
126.0000,119.0000,34.6577,27.4871
126.0000,119.0000,34.6577,27.4871
126.0000,119.0000,34.6577,27.4871
126.0000,119.0000,34.6577,27.4871
130.0000,119.0000,34.6577,27.4871
130.0000,120.0000,33.9781,26.9482
130.0000,120.0000,33.9781,26.9482
130.0000,120.0000,33.3119,26.4198
130.0000,120.0000,33.3119,26.4198
130.0000,120.0000,33.3119,26.4198
130.0000,120.0000,33.3119,26.4198
135.0000,120.0000,32.6587,25.9017
135.0000,120.0000,32.6587,25.9017
135.0000,120.0000,32.6587,25.9017
135.0000,120.0000,32.6587,25.9017
135.0000,120.0000,32.6587,25.9017
135.0000,120.0000,32.6587,25.9017
135.0000,120.0000,32.6587,25.9017
135.0000,120.0000,32.6587,25.9017
135.0000,120.0000,32.6587,25.9017
135.0000,120.0000,32.6587,25.9017
135.0000,120.0000,32.6587,25.9017
139.0000,120.0000,32.6587,25.9017
139.0000,120.0000,32.6587,25.9017
139.0000,120.0000,32.6587,25.9017
139.0000,120.0000,32.6587,25.9017
139.0000,120.0000,32.6587,25.9017
139.0000,120.0000,32.6587,25.9017
139.0000,120.0000,32.6587,25.9017
139.0000,120.0000,32.6587,25.9017
139.0000,120.0000,32.6587,25.9017
139.0000,120.0000,32.6587,25.9017
139.0000,120.0000,32.6587,25.9017
138.0000,120.0000,33.3119,26.4198
138.0000,120.0000,33.3119,26.4198
138.0000,120.0000,33.3119,26.4198
142.0000,124.0000,33.3119,26.4198
142.0000,124.0000,33.3119,26.4198
142.0000,124.0000,33.3119,26.4198
142.0000,124.0000,33.3119,26.4198
142.0000,124.0000,33.3119,26.4198
142.0000,124.0000,33.3119,26.4198
142.0000,124.0000,33.3119,26.4198
142.0000,124.0000,33.3119,26.4198
142.0000,124.0000,33.3119,26.4198
142.0000,124.0000,33.3119,26.4198
138.0000,124.0000,33.3119,26.4198
138.0000,124.0000,33.3119,26.4198
138.0000,124.0000,33.3119,26.4198
138.0000,124.0000,33.3119,26.4198
138.0000,120.0000,33.3119,26.4198
138.0000,120.0000,33.3119,26.4198
138.0000,120.0000,33.3119,26.4198
138.0000,120.0000,33.3119,26.4198
138.0000,120.0000,33.3119,26.4198
139.0000,120.0000,32.6587,25.9017
135.0000,120.0000,32.6587,25.9017
135.0000,120.0000,32.6587,25.9017
135.0000,120.0000,32.6587,25.9017
135.0000,120.0000,32.6587,25.9017
135.0000,120.0000,32.6587,25.9017
131.0000,120.0000,32.6587,25.9017
131.0000,124.0000,32.6587,25.9017
131.0000,124.0000,32.6587,25.9017
131.0000,124.0000,32.6587,25.9017
131.0000,124.0000,32.6587,25.9017
131.0000,124.0000,32.6587,25.9017
127.0000,124.0000,32.6587,25.9017
127.0000,124.0000,32.6587,25.9017
127.0000,128.0000,32.6587,25.9017
127.0000,128.0000,32.6587,25.9017
123.0000,128.0000,32.6587,25.9017
123.0000,128.0000,32.6587,25.9017
123.0000,128.0000,32.6587,25.9017
123.0000,128.0000,32.6587,25.9017
119.0000,128.0000,32.6587,25.9017
119.0000,128.0000,32.6587,25.9017
118.0000,128.0000,33.3119,26.4198
118.0000,128.0000,33.3119,26.4198
114.0000,128.0000,33.3119,26.4198
114.0000,128.0000,33.9781,26.9482
114.0000,132.0000,33.9781,26.9482
114.0000,132.0000,33.9781,26.9482
110.0000,132.0000,33.9781,26.9482
110.0000,132.0000,33.9781,26.9482
106.0000,132.0000,33.9781,26.9482
106.0000,132.0000,33.9781,26.9482
106.0000,127.0000,34.6577,27.4871
106.0000,127.0000,34.6577,27.4871
102.0000,127.0000,34.6577,27.4871
102.0000,127.0000,34.6577,27.4871
102.0000,127.0000,34.6577,27.4871
98.0000,127.0000,34.6577,27.4871
98.0000,127.0000,34.6577,27.4871
98.0000,127.0000,34.6577,27.4871
98.0000,127.0000,34.6577,27.4871
94.0000,127.0000,34.6577,27.4871
94.0000,127.0000,34.6577,27.4871
94.0000,127.0000,34.6577,27.4871
89.0000,127.0000,35.3508,28.0369
89.0000,127.0000,35.3508,28.0369
89.0000,127.0000,35.3508,28.0369
85.0000,127.0000,36.0579,28.5976
85.0000,127.0000,36.0579,28.5976
85.0000,127.0000,36.0579,28.5976
81.0000,127.0000,36.0579,28.5976
81.0000,126.0000,36.7790,29.1696
81.0000,126.0000,36.7790,29.1696
76.0000,126.0000,37.5146,29.7530
76.0000,126.0000,37.5146,29.7530
72.0000,126.0000,38.2649,30.3480
71.0000,126.0000,39.0302,30.9550
71.0000,126.0000,39.0302,30.9550
67.0000,129.0000,39.8108,31.5741
67.0000,129.0000,39.8108,31.5741
67.0000,129.0000,39.8108,31.5741
63.0000,129.0000,40.6070,32.2056
63.0000,129.0000,40.6070,32.2056
63.0000,129.0000,40.6070,32.2056
