6.0000,166.0000,42.0000,26.0000
6.0000,166.0000,42.0000,26.0000
10.0000,166.0000,42.0000,26.0000
10.0000,166.0000,42.0000,26.0000
10.0000,166.0000,42.8400,26.5200
13.0000,165.0000,44.5707,27.5914
13.0000,165.0000,44.5707,27.5914
12.0000,165.0000,45.4622,28.1432
16.0000,165.0000,45.4622,28.1432
16.0000,165.0000,45.4622,28.1432
16.0000,165.0000,45.4622,28.1432
21.0000,169.0000,44.5707,27.5914
21.0000,169.0000,43.6968,27.0504
26.0000,170.0000,42.8400,26.5200
26.0000,170.0000,42.0000,26.0000
25.0000,169.0000,43.6968,27.0504
29.0000,169.0000,44.5707,27.5914
28.0000,169.0000,45.4622,28.1432
28.0000,169.0000,46.3714,28.7061
31.0000,168.0000,47.2988,29.2802
31.0000,168.0000,48.2448,29.8658
35.0000,168.0000,48.2448,29.8658
36.0000,169.0000,45.4622,28.1432
37.0000,169.0000,44.5707,27.5914
41.0000,169.0000,43.6968,27.0504
41.0000,169.0000,44.5707,27.5914
40.0000,169.0000,45.4622,28.1432
43.0000,168.0000,47.2988,29.2802
44.0000,169.0000,46.3714,28.7061
43.0000,168.0000,47.2988,29.2802
43.0000,168.0000,47.2988,29.2802
47.0000,168.0000,47.2988,29.2802
47.0000,168.0000,47.2988,29.2802
47.0000,168.0000,47.2988,29.2802
47.0000,168.0000,48.2448,29.8658
46.0000,168.0000,49.2097,30.4631
50.0000,167.0000,50.1939,31.0724
50.0000,167.0000,50.1939,31.0724
50.0000,168.0000,49.2097,30.4631
50.0000,167.0000,50.1939,31.0724
54.0000,168.0000,49.2097,30.4631
54.0000,167.0000,50.1939,31.0724
54.0000,167.0000,50.1939,31.0724
58.0000,167.0000,50.1939,31.0724
58.0000,168.0000,49.2097,30.4631
58.0000,167.0000,50.1939,31.0724
62.0000,167.0000,50.1939,31.0724
62.0000,168.0000,49.2097,30.4631
62.0000,167.0000,50.1939,31.0724
62.0000,167.0000,50.1939,31.0724
66.0000,168.0000,49.2097,30.4631
66.0000,168.0000,49.2097,30.4631
66.0000,167.0000,50.1939,31.0724
70.0000,168.0000,49.2097,30.4631
70.0000,167.0000,50.1939,31.0724
70.0000,167.0000,50.1939,31.0724
69.0000,167.0000,51.1978,31.6939
73.0000,167.0000,51.1978,31.6939
73.0000,167.0000,51.1978,31.6939
73.0000,167.0000,52.2217,32.3277
72.0000,167.0000,53.2662,32.9743
77.0000,167.0000,52.2217,32.3277
77.0000,167.0000,52.2217,32.3277
77.0000,167.0000,52.2217,32.3277
77.0000,167.0000,52.2217,32.3277
76.0000,167.0000,53.2662,32.9743
76.0000,166.0000,54.3315,33.6338
75.0000,166.0000,55.4181,34.3064
75.0000,166.0000,55.4181,34.3064
75.0000,166.0000,56.5265,34.9926
75.0000,166.0000,56.5265,34.9926
75.0000,166.0000,55.4181,34.3064
76.0000,166.0000,54.3315,33.6338
75.0000,166.0000,56.5265,34.9926
75.0000,170.0000,56.5265,34.9926
74.0000,169.0000,58.8101,36.4063
73.0000,168.0000,59.9863,37.1344
73.0000,168.0000,59.9863,37.1344
73.0000,168.0000,59.9863,37.1344
72.0000,168.0000,61.1861,37.8771
73.0000,168.0000,59.9863,37.1344
74.0000,169.0000,58.8101,36.4063
74.0000,169.0000,57.6570,35.6924
74.0000,169.0000,57.6570,35.6924
74.0000,169.0000,57.6570,35.6924
74.0000,169.0000,57.6570,35.6924
74.0000,169.0000,57.6570,35.6924
74.0000,169.0000,57.6570,35.6924
74.0000,169.0000,58.8101,36.4063
74.0000,169.0000,58.8101,36.4063
73.0000,168.0000,59.9863,37.1344
72.0000,168.0000,61.1861,37.8771
72.0000,168.0000,61.1861,37.8771
72.0000,168.0000,62.4098,38.6346
72.0000,168.0000,62.4098,38.6346
72.0000,168.0000,62.4098,38.6346
72.0000,168.0000,62.4098,38.6346
72.0000,168.0000,62.4098,38.6346
71.0000,167.0000,63.6580,39.4073
71.0000,167.0000,63.6580,39.4073
71.0000,167.0000,63.6580,39.4073
71.0000,167.0000,63.6580,39.4073
72.0000,168.0000,62.4098,38.6346
72.0000,168.0000,62.4098,38.6346
72.0000,168.0000,62.4098,38.6346
72.0000,168.0000,61.1861,37.8771
72.0000,168.0000,61.1861,37.8771
72.0000,168.0000,61.1861,37.8771
72.0000,168.0000,61.1861,37.8771
72.0000,168.0000,62.4098,38.6346
75.0000,167.0000,63.6580,39.4073
75.0000,167.0000,63.6580,39.4073
75.0000,167.0000,63.6580,39.4073
75.0000,167.0000,63.6580,39.4073
75.0000,167.0000,63.6580,39.4073
75.0000,167.0000,64.9311,40.1955
74.0000,167.0000,66.2298,40.9994
73.0000,166.0000,67.5544,41.8194
73.0000,166.0000,67.5544,41.8194
73.0000,166.0000,67.5544,41.8194
77.0000,166.0000,67.5544,41.8194
77.0000,166.0000,67.5544,41.8194
77.0000,166.0000,67.5544,41.8194
77.0000,166.0000,68.9055,42.6558
77.0000,166.0000,68.9055,42.6558
77.0000,166.0000,68.9055,42.6558
77.0000,166.0000,68.9055,42.6558
80.0000,165.0000,70.2836,43.5089
81.0000,166.0000,68.9055,42.6558
81.0000,166.0000,68.9055,42.6558
80.0000,165.0000,70.2836,43.5089
84.0000,165.0000,70.2836,43.5089
84.0000,165.0000,70.2836,43.5089
84.0000,165.0000,70.2836,43.5089
84.0000,165.0000,70.2836,43.5089
84.0000,165.0000,70.2836,43.5089
84.0000,165.0000,70.2836,43.5089
88.0000,165.0000,70.2836,43.5089
88.0000,165.0000,70.2836,43.5089
88.0000,165.0000,70.2836,43.5089
88.0000,165.0000,70.2836,43.5089
87.0000,165.0000,71.6892,44.3790
91.0000,165.0000,71.6892,44.3790
91.0000,165.0000,71.6892,44.3790
91.0000,165.0000,71.6892,44.3790
90.0000,164.0000,73.1230,45.2666
94.0000,164.0000,74.5855,46.1720
94.0000,164.0000,74.5855,46.1720
94.0000,164.0000,74.5855,46.1720
94.0000,164.0000,74.5855,46.1720
98.0000,164.0000,74.5855,46.1720
98.0000,164.0000,74.5855,46.1720
97.0000,163.0000,76.0772,47.0954
96.0000,159.0000,77.5987,48.0373
100.0000,159.0000,77.5987,48.0373
101.0000,159.0000,76.0772,47.0954
101.0000,159.0000,76.0772,47.0954
101.0000,159.0000,76.0772,47.0954
105.0000,159.0000,76.0772,47.0954
104.0000,159.0000,77.5987,48.0373
104.0000,159.0000,77.5987,48.0373
104.0000,163.0000,77.5987,48.0373
104.0000,163.0000,77.5987,48.0373
105.0000,163.0000,76.0772,47.0954
113.0000,159.0000,76.0772,47.0954
109.0000,159.0000,76.0772,47.0954
108.0000,159.0000,77.5987,48.0373
107.0000,159.0000,79.1507,48.9981
123.0000,159.0000,79.1507,48.9981
115.0000,159.0000,79.1507,48.9981
107.0000,159.0000,79.1507,48.9981
107.0000,158.0000,80.7337,49.9780
106.0000,158.0000,82.3484,50.9776
107.0000,158.0000,80.7337,49.9780
107.0000,158.0000,80.7337,49.9780
106.0000,158.0000,82.3484,50.9776
106.0000,158.0000,82.3484,50.9776
106.0000,154.0000,82.3484,50.9776
106.0000,154.0000,82.3484,50.9776
105.0000,153.0000,83.9954,51.9971
101.0000,153.0000,83.9954,51.9971
100.0000,152.0000,85.6753,53.0371
99.0000,152.0000,87.3888,54.0978
98.0000,151.0000,89.1365,55.1798
98.0000,151.0000,89.1365,55.1798
98.0000,151.0000,89.1365,55.1798
98.0000,151.0000,89.1365,55.1798
98.0000,151.0000,89.1365,55.1798
102.0000,151.0000,89.1365,55.1798
106.0000,151.0000,89.1365,55.1798
106.0000,151.0000,89.1365,55.1798
110.0000,151.0000,89.1365,55.1798
110.0000,151.0000,89.1365,55.1798
114.0000,151.0000,89.1365,55.1798
114.0000,147.0000,89.1365,55.1798
114.0000,147.0000,89.1365,55.1798
114.0000,147.0000,90.9193,56.2834
110.0000,147.0000,90.9193,56.2834
105.0000,146.0000,92.7377,57.4090
100.0000,146.0000,94.5924,58.5572
92.0000,146.0000,94.5924,58.5572
92.0000,142.0000,94.5924,58.5572
84.0000,142.0000,94.5924,58.5572
76.0000,142.0000,94.5924,58.5572
67.0000,141.0000,96.4843,59.7284
59.0000,141.0000,96.4843,59.7284
51.0000,141.0000,96.4843,59.7284
43.0000,137.0000,96.4843,59.7284
38.0000,137.0000,98.4140,60.9229
39.0000,137.0000,96.4843,59.7284
39.0000,137.0000,96.4843,59.7284
40.0000,138.0000,94.5924,58.5572
40.0000,134.0000,94.5924,58.5572
44.0000,134.0000,94.5924,58.5572
51.0000,133.0000,96.4843,59.7284
50.0000,133.0000,98.4140,60.9229
54.0000,133.0000,98.4140,60.9229
57.0000,128.0000,100.3822,62.1414
61.0000,128.0000,100.3822,62.1414
61.0000,128.0000,100.3822,62.1414
69.0000,128.0000,100.3822,62.1414
73.0000,128.0000,100.3822,62.1414
81.0000,128.0000,100.3822,62.1414
81.0000,128.0000,100.3822,62.1414
88.0000,127.0000,102.3899,63.3842
87.0000,127.0000,104.4377,64.6519
95.0000,123.0000,104.4377,64.6519
99.0000,123.0000,104.4377,64.6519
106.0000,122.0000,106.5264,65.9449
106.0000,118.0000,106.5264,65.9449
114.0000,118.0000,106.5264,65.9449
113.0000,117.0000,108.6570,67.2638
121.0000,117.0000,108.6570,67.2638
121.0000,117.0000,108.6570,67.2638
129.0000,117.0000,108.6570,67.2638
137.0000,117.0000,108.6570,67.2638
145.0000,117.0000,108.6570,67.2638
149.0000,113.0000,108.6570,67.2638
157.0000,113.0000,108.6570,67.2638
165.0000,113.0000,108.6570,67.2638
174.0000,114.0000,106.5264,65.9449
178.0000,114.0000,106.5264,65.9449
186.0000,114.0000,106.5264,65.9449
194.0000,110.0000,106.5264,65.9449
206.0000,110.0000,106.5264,65.9449
218.0000,110.0000,106.5264,65.9449
234.0000,110.0000,106.5264,65.9449
250.0000,110.0000,106.5264,65.9449
270.0000,110.0000,106.5264,65.9449
294.0000,110.0000,106.5264,65.9449
318.0000,110.0000,106.5264,65.9449
342.0000,110.0000,106.5264,65.9449
