298.0000,160.0000,48.0000,80.0000
298.0000,160.0000,48.0000,80.0000
299.0000,166.0000,46.1361,76.8935
299.0000,166.0000,45.2315,75.3858
299.0000,170.0000,46.1361,76.8935
302.0000,173.0000,47.0588,78.4314
306.0000,176.0000,48.0000,80.0000
310.0000,179.0000,48.9600,81.6000
313.0000,178.0000,49.9392,83.2320
313.0000,178.0000,49.9392,83.2320
313.0000,178.0000,49.9392,83.2320
317.0000,178.0000,49.9392,83.2320
317.0000,178.0000,49.9392,83.2320
317.0000,178.0000,50.9380,84.8966
313.0000,178.0000,50.9380,84.8966
313.0000,178.0000,49.9392,83.2320
309.0000,178.0000,50.9380,84.8966
308.0000,177.0000,51.9567,86.5946
308.0000,177.0000,51.9567,86.5946
305.0000,178.0000,50.9380,84.8966
305.0000,178.0000,49.9392,83.2320
302.0000,179.0000,48.9600,81.6000
298.0000,179.0000,48.9600,81.6000
294.0000,179.0000,48.9600,81.6000
293.0000,178.0000,50.9380,84.8966
289.0000,178.0000,49.9392,83.2320
293.0000,182.0000,49.9392,83.2320
298.0000,183.0000,48.9600,81.6000
305.0000,186.0000,49.9392,83.2320
313.0000,190.0000,50.9380,84.8966
320.0000,193.0000,51.9567,86.5946
328.0000,200.0000,52.9959,88.3265
335.0000,203.0000,54.0558,90.0930
342.0000,210.0000,55.1369,91.8949
342.0000,214.0000,55.1369,91.8949
338.0000,217.0000,56.2397,93.7328
334.0000,221.0000,56.2397,93.7328
322.0000,222.0000,55.1369,91.8949
310.0000,222.0000,55.1369,91.8949
300.0000,224.0000,52.9959,88.3265
284.0000,225.0000,51.9567,86.5946
271.0000,223.0000,54.0558,90.0930
259.0000,211.0000,54.0558,90.0930
250.0000,206.0000,55.1369,91.8949
243.0000,195.0000,54.0558,90.0930
239.0000,191.0000,54.0558,90.0930
238.0000,178.0000,55.1369,91.8949
242.0000,178.0000,55.1369,91.8949
250.0000,166.0000,55.1369,91.8949
262.0000,166.0000,55.1369,91.8949
279.0000,167.0000,54.0558,90.0930
290.0000,166.0000,55.1369,91.8949
302.0000,166.0000,55.1369,91.8949
315.0000,167.0000,54.0558,90.0930
326.0000,166.0000,55.1369,91.8949
338.0000,166.0000,55.1369,91.8949
350.0000,166.0000,55.1369,91.8949
365.0000,164.0000,57.3644,95.6074
377.0000,163.0000,58.5117,97.5196
393.0000,167.0000,58.5117,97.5196
405.0000,172.0000,57.3644,95.6074
417.0000,183.0000,58.5117,97.5196
426.0000,185.0000,56.2397,93.7328
430.0000,197.0000,56.2397,93.7328
430.0000,198.0000,55.1369,91.8949
423.0000,203.0000,54.0558,90.0930
410.0000,201.0000,56.2397,93.7328
393.0000,200.0000,57.3644,95.6074
377.0000,200.0000,57.3644,95.6074
361.0000,200.0000,57.3644,95.6074
345.0000,200.0000,57.3644,95.6074
333.0000,200.0000,57.3644,95.6074
322.0000,201.0000,56.2397,93.7328
313.0000,200.0000,57.3644,95.6074
301.0000,196.0000,57.3644,95.6074
293.0000,192.0000,57.3644,95.6074
285.0000,188.0000,57.3644,95.6074
276.0000,182.0000,59.6820,99.4699
272.0000,182.0000,59.6820,99.4699
269.0000,180.0000,57.3644,95.6074
265.0000,179.0000,58.5117,97.5196
261.0000,179.0000,58.5117,97.5196
257.0000,179.0000,58.5117,97.5196
257.0000,180.0000,57.3644,95.6074
253.0000,180.0000,57.3644,95.6074
249.0000,180.0000,57.3644,95.6074
250.0000,181.0000,56.2397,93.7328
245.0000,180.0000,57.3644,95.6074
242.0000,177.0000,56.2397,93.7328
242.0000,177.0000,56.2397,93.7328
238.0000,177.0000,56.2397,93.7328
234.0000,174.0000,55.1369,91.8949
234.0000,174.0000,55.1369,91.8949
230.0000,174.0000,55.1369,91.8949
230.0000,169.0000,56.2397,93.7328
225.0000,168.0000,57.3644,95.6074
225.0000,167.0000,58.5117,97.5196
225.0000,167.0000,58.5117,97.5196
225.0000,167.0000,58.5117,97.5196
225.0000,167.0000,58.5117,97.5196
225.0000,167.0000,58.5117,97.5196
245.0000,167.0000,58.5117,97.5196
245.0000,167.0000,58.5117,97.5196
245.0000,167.0000,58.5117,97.5196
245.0000,167.0000,58.5117,97.5196
249.0000,168.0000,57.3644,95.6074
249.0000,167.0000,58.5117,97.5196
229.0000,167.0000,58.5117,97.5196
229.0000,167.0000,58.5117,97.5196
232.0000,166.0000,59.6820,99.4699
237.0000,167.0000,58.5117,97.5196
244.0000,166.0000,59.6820,99.4699
248.0000,166.0000,59.6820,99.4699
253.0000,167.0000,58.5117,97.5196
257.0000,167.0000,58.5117,97.5196
260.0000,166.0000,59.6820,99.4699
265.0000,167.0000,58.5117,97.5196
265.0000,164.0000,57.3644,95.6074
269.0000,163.0000,58.5117,97.5196
273.0000,163.0000,58.5117,97.5196
272.0000,162.0000,59.6820,99.4699
272.0000,162.0000,59.6820,99.4699
272.0000,158.0000,59.6820,99.4699
276.0000,158.0000,59.6820,99.4699
276.0000,154.0000,59.6820,99.4699
276.0000,153.0000,60.8756,101.4593
276.0000,153.0000,60.8756,101.4593
276.0000,149.0000,60.8756,101.4593
276.0000,146.0000,59.6820,99.4699
276.0000,142.0000,59.6820,99.4699
276.0000,134.0000,59.6820,99.4699
276.0000,134.0000,59.6820,99.4699
277.0000,131.0000,58.5117,97.5196
276.0000,130.0000,59.6820,99.4699
276.0000,130.0000,59.6820,99.4699
276.0000,130.0000,59.6820,99.4699
276.0000,130.0000,59.6820,99.4699
280.0000,126.0000,59.6820,99.4699
280.0000,126.0000,59.6820,99.4699
284.0000,125.0000,60.8756,101.4593
284.0000,125.0000,60.8756,101.4593
284.0000,125.0000,60.8756,101.4593
284.0000,125.0000,60.8756,101.4593
284.0000,125.0000,60.8756,101.4593
284.0000,125.0000,60.8756,101.4593
280.0000,125.0000,60.8756,101.4593
276.0000,125.0000,60.8756,101.4593
272.0000,125.0000,60.8756,101.4593
272.0000,125.0000,60.8756,101.4593
268.0000,126.0000,59.6820,99.4699
268.0000,126.0000,59.6820,99.4699
265.0000,131.0000,58.5117,97.5196
265.0000,135.0000,58.5117,97.5196
260.0000,138.0000,59.6820,99.4699
261.0000,139.0000,58.5117,97.5196
261.0000,143.0000,58.5117,97.5196
261.0000,147.0000,58.5117,97.5196
264.0000,150.0000,59.6820,99.4699
268.0000,154.0000,59.6820,99.4699
276.0000,158.0000,59.6820,99.4699
284.0000,162.0000,59.6820,99.4699
288.0000,173.0000,60.8756,101.4593
296.0000,174.0000,59.6820,99.4699
308.0000,178.0000,59.6820,99.4699
316.0000,182.0000,59.6820,99.4699
328.0000,186.0000,59.6820,99.4699
340.0000,185.0000,60.8756,101.4593
347.0000,184.0000,62.0931,103.4885
355.0000,172.0000,62.0931,103.4885
358.0000,167.0000,63.3350,105.5583
358.0000,154.0000,64.6017,107.6695
354.0000,142.0000,64.6017,107.6695
346.0000,130.0000,64.6017,107.6695
334.0000,130.0000,64.6017,107.6695
317.0000,121.0000,65.8937,109.8229
301.0000,121.0000,65.8937,109.8229
285.0000,121.0000,65.8937,109.8229
273.0000,137.0000,65.8937,109.8229
261.0000,149.0000,65.8937,109.8229
253.0000,165.0000,65.8937,109.8229
253.0000,169.0000,65.8937,109.8229
250.0000,186.0000,64.6017,107.6695
254.0000,190.0000,64.6017,107.6695
258.0000,202.0000,64.6017,107.6695
266.0000,206.0000,64.6017,107.6695
274.0000,211.0000,63.3350,105.5583
286.0000,215.0000,63.3350,105.5583
298.0000,215.0000,63.3350,105.5583
306.0000,219.0000,63.3350,105.5583
322.0000,219.0000,63.3350,105.5583
334.0000,218.0000,64.6017,107.6695
345.0000,217.0000,65.8937,109.8229
353.0000,205.0000,65.8937,109.8229
358.0000,194.0000,64.6017,107.6695
354.0000,194.0000,64.6017,107.6695
346.0000,182.0000,64.6017,107.6695
334.0000,178.0000,64.6017,107.6695
322.0000,175.0000,63.3350,105.5583
310.0000,171.0000,63.3350,105.5583
298.0000,167.0000,63.3350,105.5583
286.0000,163.0000,63.3350,105.5583
270.0000,163.0000,63.3350,105.5583
254.0000,162.0000,64.6017,107.6695
246.0000,162.0000,64.6017,107.6695
234.0000,162.0000,64.6017,107.6695
226.0000,163.0000,63.3350,105.5583
214.0000,163.0000,63.3350,105.5583
206.0000,163.0000,63.3350,105.5583
203.0000,164.0000,62.0931,103.4885
199.0000,164.0000,62.0931,103.4885
195.0000,164.0000,62.0931,103.4885
199.0000,168.0000,62.0931,103.4885
203.0000,172.0000,62.0931,103.4885
211.0000,176.0000,62.0931,103.4885
224.0000,181.0000,60.8756,101.4593
236.0000,185.0000,60.8756,101.4593
252.0000,190.0000,59.6820,99.4699
268.0000,194.0000,59.6820,99.4699
284.0000,194.0000,59.6820,99.4699
296.0000,194.0000,59.6820,99.4699
304.0000,194.0000,59.6820,99.4699
312.0000,186.0000,59.6820,99.4699
312.0000,178.0000,59.6820,99.4699
312.0000,173.0000,60.8756,101.4593
308.0000,169.0000,60.8756,101.4593
300.0000,165.0000,60.8756,101.4593
292.0000,165.0000,60.8756,101.4593
288.0000,165.0000,60.8756,101.4593
284.0000,165.0000,60.8756,101.4593
280.0000,165.0000,60.8756,101.4593
280.0000,165.0000,60.8756,101.4593
280.0000,165.0000,60.8756,101.4593
284.0000,165.0000,60.8756,101.4593
288.0000,165.0000,60.8756,101.4593
296.0000,165.0000,60.8756,101.4593
300.0000,165.0000,60.8756,101.4593
308.0000,161.0000,60.8756,101.4593
312.0000,157.0000,60.8756,101.4593
312.0000,153.0000,60.8756,101.4593
316.0000,149.0000,60.8756,101.4593
316.0000,141.0000,60.8756,101.4593
316.0000,137.0000,60.8756,101.4593
316.0000,133.0000,60.8756,101.4593
316.0000,129.0000,60.8756,101.4593
316.0000,129.0000,60.8756,101.4593
316.0000,129.0000,60.8756,101.4593
320.0000,133.0000,60.8756,101.4593
320.0000,145.0000,60.8756,101.4593
316.0000,157.0000,60.8756,101.4593
316.0000,169.0000,60.8756,101.4593
312.0000,181.0000,60.8756,101.4593
308.0000,197.0000,60.8756,101.4593
304.0000,213.0000,60.8756,101.4593
304.0000,229.0000,60.8756,101.4593
308.0000,234.0000,59.6820,99.4699
309.0000,239.0000,58.5117,97.5196
309.0000,243.0000,58.5117,97.5196
309.0000,243.0000,58.5117,97.5196
309.0000,243.0000,58.5117,97.5196
309.0000,243.0000,58.5117,97.5196
309.0000,243.0000,58.5117,97.5196
309.0000,243.0000,58.5117,97.5196
309.0000,243.0000,58.5117,97.5196
309.0000,243.0000,58.5117,97.5196
309.0000,243.0000,58.5117,97.5196
309.0000,243.0000,58.5117,97.5196
309.0000,243.0000,58.5117,97.5196
309.0000,243.0000,58.5117,97.5196
309.0000,243.0000,58.5117,97.5196
285.0000,211.0000,58.5117,97.5196
292.0000,206.0000,59.6820,99.4699
300.0000,201.0000,60.8756,101.4593
312.0000,193.0000,60.8756,101.4593
324.0000,193.0000,60.8756,101.4593
340.0000,189.0000,60.8756,101.4593
355.0000,188.0000,62.0931,103.4885
371.0000,184.0000,62.0931,103.4885
383.0000,184.0000,62.0931,103.4885
391.0000,172.0000,62.0931,103.4885
391.0000,172.0000,62.0931,103.4885
383.0000,156.0000,62.0931,103.4885
375.0000,152.0000,62.0931,103.4885
363.0000,140.0000,62.0931,103.4885
347.0000,132.0000,62.0931,103.4885
335.0000,128.0000,62.0931,103.4885
319.0000,120.0000,62.0931,103.4885
303.0000,120.0000,62.0931,103.4885
287.0000,116.0000,62.0931,103.4885
271.0000,116.0000,62.0931,103.4885
259.0000,116.0000,62.0931,103.4885
243.0000,120.0000,62.0931,103.4885
