51.0000,47.0000,25.0000,62.0000
46.0000,43.0000,25.0000,62.0000
34.0000,39.0000,25.0000,62.0000
35.0000,45.0000,23.5581,58.4240
39.0000,41.0000,23.5581,58.4240
32.0000,42.0000,22.6433,56.1553
31.0000,41.0000,23.5581,58.4240
35.0000,44.0000,24.0292,59.5925
39.0000,40.0000,24.5098,60.7843
43.0000,35.0000,25.0000,62.0000
42.0000,30.0000,25.5000,63.2400
47.0000,32.0000,24.5098,60.7843
59.0000,36.0000,24.0292,59.5925
67.0000,32.0000,24.0292,59.5925
63.0000,32.0000,24.0292,59.5925
83.0000,32.0000,24.5098,60.7843
98.0000,34.0000,25.5000,63.2400
90.0000,26.0000,25.5000,63.2400
83.0000,27.0000,25.0000,62.0000
86.0000,22.0000,25.5000,63.2400
87.0000,23.0000,25.0000,62.0000
82.0000,26.0000,25.5000,63.2400
83.0000,31.0000,25.0000,62.0000
91.0000,39.0000,25.0000,62.0000
78.0000,42.0000,26.0100,64.5048
74.0000,42.0000,25.5000,63.2400
79.0000,31.0000,25.0000,62.0000
79.0000,24.0000,24.5098,60.7843
71.0000,16.0000,24.0292,59.5925
63.0000,16.0000,24.5098,60.7843
63.0000,16.0000,24.5098,60.7843
71.0000,23.0000,25.0000,62.0000
82.0000,21.0000,26.5302,65.7949
90.0000,26.0000,25.5000,63.2400
102.0000,22.0000,26.0100,64.5048
114.0000,26.0000,26.0100,64.5048
114.0000,21.0000,26.5302,65.7949
114.0000,21.0000,26.5302,65.7949
125.0000,24.0000,27.0608,67.1108
137.0000,28.0000,27.6020,68.4530
145.0000,27.0000,28.1541,69.8221
149.0000,27.0000,28.1541,69.8221
149.0000,31.0000,28.1541,69.8221
149.0000,27.0000,28.1541,69.8221
153.0000,24.0000,27.6020,68.4530
149.0000,27.0000,28.1541,69.8221
125.0000,31.0000,28.1541,69.8221
105.0000,32.0000,27.6020,68.4530
102.0000,29.0000,26.5302,65.7949
102.0000,33.0000,26.5302,65.7949
106.0000,26.0000,25.5000,63.2400
107.0000,15.0000,25.0000,62.0000
106.0000,14.0000,26.0100,64.5048
114.0000,18.0000,25.5000,63.2400
118.0000,22.0000,25.5000,63.2400
122.0000,30.0000,26.0100,64.5048
114.0000,34.0000,26.0100,64.5048
114.0000,34.0000,25.5000,63.2400
102.0000,30.0000,26.0100,64.5048
102.0000,25.0000,26.5302,65.7949
122.0000,21.0000,26.5302,65.7949
133.0000,20.0000,27.0608,67.1108
130.0000,21.0000,26.5302,65.7949
130.0000,29.0000,26.5302,65.7949
130.0000,37.0000,26.5302,65.7949
130.0000,37.0000,26.5302,65.7949
134.0000,45.0000,26.5302,65.7949
142.0000,53.0000,26.5302,65.7949
138.0000,58.0000,26.0100,64.5048
126.0000,61.0000,26.5302,65.7949
125.0000,52.0000,27.0608,67.1108
121.0000,52.0000,27.6020,68.4530
109.0000,55.0000,28.1541,69.8221
100.0000,46.0000,29.2915,72.6429
96.0000,45.0000,29.8773,74.0957
104.0000,53.0000,29.8773,74.0957
116.0000,61.0000,29.8773,74.0957
124.0000,65.0000,29.8773,74.0957
132.0000,66.0000,29.2915,72.6429
144.0000,70.0000,29.2915,72.6429
137.0000,66.0000,28.7171,71.2185
141.0000,59.0000,28.1541,69.8221
153.0000,56.0000,27.6020,68.4530
161.0000,52.0000,27.0608,67.1108
170.0000,53.0000,26.5302,65.7949
182.0000,57.0000,26.5302,65.7949
177.0000,60.0000,27.0608,67.1108
173.0000,60.0000,27.0608,67.1108
173.0000,60.0000,27.6020,68.4530
173.0000,56.0000,27.0608,67.1108
181.0000,36.0000,27.0608,67.1108
182.0000,21.0000,26.5302,65.7949
182.0000,18.0000,26.0100,64.5048
182.0000,18.0000,25.5000,63.2400
179.0000,15.0000,25.0000,62.0000
179.0000,16.0000,24.5098,60.7843
171.0000,24.0000,24.5098,60.7843
171.0000,24.0000,24.5098,60.7843
167.0000,29.0000,23.5581,58.4240
155.0000,33.0000,23.5581,58.4240
147.0000,44.0000,24.0292,59.5925
147.0000,48.0000,24.5098,60.7843
143.0000,44.0000,24.5098,60.7843
139.0000,32.0000,24.5098,60.7843
151.0000,32.0000,24.0292,59.5925
147.0000,12.0000,24.0292,59.5925
147.0000,12.0000,24.5098,60.7843
143.0000,12.0000,24.0292,59.5925
143.0000,20.0000,24.5098,60.7843
127.0000,24.0000,24.5098,60.7843
119.0000,24.0000,24.5098,60.7843
107.0000,23.0000,25.0000,62.0000
99.0000,28.0000,24.5098,60.7843
95.0000,27.0000,25.0000,62.0000
87.0000,27.0000,25.0000,62.0000
95.0000,32.0000,24.5098,60.7843
107.0000,39.0000,25.0000,62.0000
110.0000,42.0000,25.5000,63.2400
114.0000,50.0000,25.5000,63.2400
119.0000,51.0000,25.0000,62.0000
130.0000,50.0000,25.5000,63.2400
142.0000,54.0000,26.0100,64.5048
142.0000,53.0000,26.5302,65.7949
141.0000,52.0000,27.0608,67.1108
145.0000,40.0000,27.0608,67.1108
145.0000,32.0000,27.6020,68.4530
161.0000,27.0000,28.1541,69.8221
169.0000,27.0000,28.1541,69.8221
169.0000,31.0000,28.1541,69.8221
169.0000,39.0000,28.1541,69.8221
165.0000,39.0000,28.1541,69.8221
161.0000,39.0000,28.1541,69.8221
161.0000,39.0000,28.1541,69.8221
157.0000,38.0000,28.7171,71.2185
145.0000,38.0000,28.7171,71.2185
137.0000,39.0000,28.1541,69.8221
133.0000,23.0000,28.1541,69.8221
125.0000,23.0000,28.1541,69.8221
129.0000,23.0000,28.1541,69.8221
129.0000,31.0000,28.1541,69.8221
