205.0000,151.0000,17.0000,50.0000
204.0000,151.0000,17.0000,50.0000
204.0000,151.0000,17.0000,50.0000
200.0000,151.0000,17.0000,50.0000
200.0000,151.0000,17.0000,50.0000
200.0000,151.0000,17.0000,50.0000
196.0000,150.0000,17.3400,51.0000
196.0000,147.0000,17.0000,50.0000
193.0000,148.0000,16.0195,47.1161
193.0000,149.0000,15.7054,46.1923
193.0000,148.0000,16.0195,47.1161
189.0000,149.0000,15.7054,46.1923
189.0000,143.0000,16.6667,49.0196
188.0000,143.0000,17.0000,50.0000
185.0000,144.0000,16.3399,48.0584
185.0000,144.0000,16.0195,47.1161
185.0000,144.0000,16.0195,47.1161
181.0000,144.0000,16.3399,48.0584
181.0000,144.0000,16.0195,47.1161
181.0000,141.0000,15.7054,46.1923
181.0000,140.0000,16.3399,48.0584
181.0000,140.0000,16.3399,48.0584
177.0000,140.0000,16.0195,47.1161
177.0000,141.0000,15.7054,46.1923
177.0000,141.0000,15.7054,46.1923
177.0000,141.0000,15.3974,45.2865
173.0000,138.0000,15.0955,44.3986
173.0000,137.0000,15.3974,45.2865
173.0000,137.0000,15.7054,46.1923
173.0000,137.0000,15.7054,46.1923
169.0000,137.0000,15.7054,46.1923
169.0000,137.0000,15.7054,46.1923
169.0000,131.0000,16.6667,49.0196
169.0000,131.0000,17.0000,50.0000
169.0000,131.0000,16.6667,49.0196
165.0000,131.0000,17.0000,50.0000
165.0000,131.0000,17.0000,50.0000
165.0000,131.0000,17.0000,50.0000
165.0000,127.0000,16.6667,49.0196
165.0000,127.0000,16.6667,49.0196
165.0000,123.0000,16.6667,49.0196
165.0000,124.0000,16.3399,48.0584
165.0000,124.0000,16.3399,48.0584
165.0000,123.0000,16.6667,49.0196
161.0000,123.0000,17.0000,50.0000
161.0000,124.0000,16.0195,47.1161
161.0000,124.0000,16.0195,47.1161
161.0000,124.0000,16.0195,47.1161
157.0000,124.0000,16.0195,47.1161
157.0000,124.0000,16.0195,47.1161
157.0000,124.0000,16.3399,48.0584
153.0000,119.0000,16.6667,49.0196
153.0000,119.0000,17.0000,50.0000
149.0000,119.0000,17.0000,50.0000
149.0000,119.0000,17.0000,50.0000
149.0000,119.0000,16.6667,49.0196
149.0000,119.0000,17.0000,50.0000
145.0000,120.0000,16.3399,48.0584
145.0000,120.0000,16.3399,48.0584
145.0000,120.0000,16.3399,48.0584
141.0000,120.0000,16.0195,47.1161
141.0000,120.0000,16.3399,48.0584
137.0000,116.0000,16.3399,48.0584
137.0000,116.0000,16.0195,47.1161
137.0000,117.0000,15.7054,46.1923
137.0000,117.0000,15.7054,46.1923
133.0000,117.0000,15.3974,45.2865
133.0000,117.0000,15.3974,45.2865
129.0000,118.0000,15.0955,44.3986
129.0000,117.0000,15.7054,46.1923
125.0000,113.0000,15.3974,45.2865
125.0000,113.0000,15.3974,45.2865
125.0000,113.0000,15.3974,45.2865
125.0000,114.0000,15.0955,44.3986
121.0000,114.0000,15.0955,44.3986
121.0000,114.0000,15.0955,44.3986
118.0000,111.0000,14.5093,42.6745
118.0000,111.0000,14.5093,42.6745
118.0000,110.0000,14.7995,43.5280
118.0000,110.0000,14.7995,43.5280
114.0000,110.0000,14.7995,43.5280
114.0000,107.0000,14.5093,42.6745
114.0000,107.0000,14.2248,41.8378
110.0000,107.0000,14.5093,42.6745
110.0000,107.0000,14.5093,42.6745
106.0000,106.0000,14.7995,43.5280
106.0000,106.0000,14.7995,43.5280
101.0000,106.0000,15.0955,44.3986
101.0000,106.0000,15.0955,44.3986
101.0000,106.0000,15.0955,44.3986
97.0000,102.0000,15.0955,44.3986
97.0000,102.0000,15.0955,44.3986
94.0000,102.0000,14.7995,43.5280
94.0000,103.0000,14.5093,42.6745
94.0000,103.0000,14.5093,42.6745
94.0000,103.0000,14.5093,42.6745
90.0000,103.0000,14.5093,42.6745
90.0000,103.0000,14.5093,42.6745
86.0000,103.0000,14.5093,42.6745
86.0000,102.0000,14.7995,43.5280
82.0000,99.0000,14.5093,42.6745
82.0000,99.0000,14.2248,41.8378
82.0000,99.0000,13.9459,41.0174
78.0000,100.0000,13.6725,40.2132
78.0000,99.0000,13.9459,41.0174
78.0000,99.0000,13.9459,41.0174
74.0000,99.0000,14.2248,41.8378
74.0000,98.0000,14.7995,43.5280
73.0000,98.0000,15.0955,44.3986
69.0000,97.0000,15.3974,45.2865
69.0000,97.0000,15.3974,45.2865
69.0000,97.0000,15.7054,46.1923
65.0000,97.0000,15.7054,46.1923
65.0000,96.0000,16.0195,47.1161
61.0000,93.0000,15.7054,46.1923
61.0000,94.0000,15.0955,44.3986
61.0000,94.0000,15.0955,44.3986
57.0000,94.0000,15.0955,44.3986
57.0000,94.0000,15.0955,44.3986
57.0000,94.0000,15.0955,44.3986
