124.0000,92.0000,46.0000,58.0000
124.0000,92.0000,46.0000,58.0000
124.0000,92.0000,46.0000,58.0000
124.0000,92.0000,46.0000,58.0000
124.0000,92.0000,46.0000,58.0000
124.0000,92.0000,46.0000,58.0000
124.0000,92.0000,46.0000,58.0000
123.0000,91.0000,47.8584,60.3432
123.0000,90.0000,48.8156,61.5501
123.0000,90.0000,48.8156,61.5501
119.0000,95.0000,47.8584,60.3432
119.0000,95.0000,47.8584,60.3432
119.0000,95.0000,47.8584,60.3432
120.0000,95.0000,46.9200,59.1600
119.0000,95.0000,47.8584,60.3432
119.0000,95.0000,47.8584,60.3432
115.0000,94.0000,48.8156,61.5501
116.0000,96.0000,46.0000,58.0000
116.0000,97.0000,45.0980,56.8627
116.0000,97.0000,45.0980,56.8627
116.0000,96.0000,46.0000,58.0000
116.0000,97.0000,45.0980,56.8627
115.0000,95.0000,47.8584,60.3432
114.0000,94.0000,49.7919,62.7811
118.0000,93.0000,50.7877,64.0367
119.0000,95.0000,47.8584,60.3432
124.0000,93.0000,45.0980,56.8627
124.0000,92.0000,46.0000,58.0000
124.0000,92.0000,46.0000,58.0000
124.0000,93.0000,45.0980,56.8627
124.0000,91.0000,46.9200,59.1600
128.0000,89.0000,45.0980,56.8627
128.0000,88.0000,46.0000,58.0000
124.0000,87.0000,46.9200,59.1600
124.0000,85.0000,45.0980,56.8627
120.0000,85.0000,45.0980,56.8627
119.0000,83.0000,47.8584,60.3432
120.0000,85.0000,45.0980,56.8627
120.0000,83.0000,46.9200,59.1600
116.0000,84.0000,46.0000,58.0000
115.0000,83.0000,47.8584,60.3432
115.0000,83.0000,47.8584,60.3432
115.0000,90.0000,48.8156,61.5501
115.0000,91.0000,47.8584,60.3432
116.0000,91.0000,46.9200,59.1600
116.0000,96.0000,46.0000,58.0000
116.0000,97.0000,45.0980,56.8627
117.0000,97.0000,44.2138,55.7478
117.0000,97.0000,44.2138,55.7478
122.0000,98.0000,42.4969,53.5830
121.0000,98.0000,43.3468,54.6547
122.0000,98.0000,42.4969,53.5830
121.0000,98.0000,43.3468,54.6547
122.0000,98.0000,42.4969,53.5830
122.0000,98.0000,42.4969,53.5830
122.0000,98.0000,42.4969,53.5830
121.0000,98.0000,43.3468,54.6547
121.0000,97.0000,44.2138,55.7478
121.0000,97.0000,44.2138,55.7478
121.0000,97.0000,44.2138,55.7478
122.0000,98.0000,42.4969,53.5830
122.0000,99.0000,41.6636,52.5324
117.0000,98.0000,43.3468,54.6547
117.0000,102.0000,43.3468,54.6547
116.0000,101.0000,45.0980,56.8627
116.0000,100.0000,46.0000,58.0000
116.0000,103.0000,46.9200,59.1600
116.0000,103.0000,46.9200,59.1600
120.0000,105.0000,45.0980,56.8627
120.0000,105.0000,45.0980,56.8627
121.0000,106.0000,43.3468,54.6547
121.0000,102.0000,43.3468,54.6547
122.0000,99.0000,41.6636,52.5324
123.0000,100.0000,40.0458,50.4925
123.0000,95.0000,40.8467,51.5023
123.0000,91.0000,40.8467,51.5023
123.0000,91.0000,40.8467,51.5023
123.0000,88.0000,40.0458,50.4925
123.0000,84.0000,39.2606,49.5024
123.0000,84.0000,39.2606,49.5024
119.0000,84.0000,40.0458,50.4925
119.0000,84.0000,40.0458,50.4925
119.0000,84.0000,40.0458,50.4925
119.0000,84.0000,40.0458,50.4925
119.0000,87.0000,40.8467,51.5023
119.0000,88.0000,40.0458,50.4925
115.0000,91.0000,40.8467,51.5023
115.0000,91.0000,40.8467,51.5023
110.0000,91.0000,41.6636,52.5324
110.0000,95.0000,41.6636,52.5324
111.0000,95.0000,40.8467,51.5023
107.0000,95.0000,40.8467,51.5023
107.0000,95.0000,40.8467,51.5023
107.0000,100.0000,39.2606,49.5024
103.0000,100.0000,39.2606,49.5024
103.0000,104.0000,39.2606,49.5024
99.0000,104.0000,39.2606,49.5024
99.0000,104.0000,39.2606,49.5024
99.0000,108.0000,39.2606,49.5024
99.0000,108.0000,39.2606,49.5024
99.0000,108.0000,39.2606,49.5024
99.0000,108.0000,40.0458,50.4925
99.0000,108.0000,40.0458,50.4925
103.0000,108.0000,40.0458,50.4925
103.0000,107.0000,40.8467,51.5023
107.0000,107.0000,40.8467,51.5023
111.0000,107.0000,40.8467,51.5023
115.0000,107.0000,40.8467,51.5023
115.0000,107.0000,40.8467,51.5023
119.0000,107.0000,40.8467,51.5023
123.0000,107.0000,40.8467,51.5023
127.0000,108.0000,40.0458,50.4925
127.0000,104.0000,40.0458,50.4925
127.0000,104.0000,40.0458,50.4925
131.0000,104.0000,40.0458,50.4925
131.0000,104.0000,40.0458,50.4925
131.0000,104.0000,40.0458,50.4925
131.0000,104.0000,40.0458,50.4925
131.0000,108.0000,40.0458,50.4925
127.0000,107.0000,40.8467,51.5023
127.0000,108.0000,40.0458,50.4925
123.0000,108.0000,40.0458,50.4925
123.0000,108.0000,40.0458,50.4925
123.0000,108.0000,40.0458,50.4925
119.0000,104.0000,40.0458,50.4925
115.0000,104.0000,40.0458,50.4925
115.0000,100.0000,39.2606,49.5024
115.0000,100.0000,39.2606,49.5024
111.0000,96.0000,39.2606,49.5024
112.0000,97.0000,38.4907,48.5318
112.0000,97.0000,37.7360,47.5802
108.0000,97.0000,38.4907,48.5318
108.0000,101.0000,38.4907,48.5318
103.0000,100.0000,39.2606,49.5024
103.0000,104.0000,39.2606,49.5024
103.0000,104.0000,39.2606,49.5024
103.0000,108.0000,39.2606,49.5024
103.0000,108.0000,40.0458,50.4925
107.0000,108.0000,39.2606,49.5024
107.0000,108.0000,40.0458,50.4925
107.0000,107.0000,40.8467,51.5023
106.0000,107.0000,41.6636,52.5324
106.0000,106.0000,42.4969,53.5830
106.0000,106.0000,42.4969,53.5830
106.0000,106.0000,42.4969,53.5830
106.0000,107.0000,41.6636,52.5324
107.0000,107.0000,40.8467,51.5023
103.0000,107.0000,40.8467,51.5023
99.0000,103.0000,40.8467,51.5023
99.0000,103.0000,40.8467,51.5023
95.0000,104.0000,40.0458,50.4925
91.0000,104.0000,40.0458,50.4925
91.0000,104.0000,39.2606,49.5024
87.0000,104.0000,39.2606,49.5024
87.0000,104.0000,39.2606,49.5024
87.0000,104.0000,39.2606,49.5024
87.0000,104.0000,39.2606,49.5024
83.0000,104.0000,40.0458,50.4925
83.0000,104.0000,40.0458,50.4925
83.0000,104.0000,40.0458,50.4925
83.0000,104.0000,40.0458,50.4925
83.0000,103.0000,40.8467,51.5023
83.0000,107.0000,40.8467,51.5023
82.0000,107.0000,41.6636,52.5324
82.0000,107.0000,41.6636,52.5324
82.0000,111.0000,41.6636,52.5324
82.0000,111.0000,41.6636,52.5324
82.0000,111.0000,41.6636,52.5324
83.0000,111.0000,40.8467,51.5023
83.0000,111.0000,40.8467,51.5023
83.0000,111.0000,40.8467,51.5023
79.0000,111.0000,40.8467,51.5023
79.0000,111.0000,40.8467,51.5023
79.0000,111.0000,40.8467,51.5023
79.0000,108.0000,40.0458,50.4925
79.0000,108.0000,40.0458,50.4925
75.0000,108.0000,40.0458,50.4925
75.0000,108.0000,40.0458,50.4925
71.0000,104.0000,40.0458,50.4925
71.0000,104.0000,40.0458,50.4925
71.0000,104.0000,40.0458,50.4925
67.0000,104.0000,40.0458,50.4925
67.0000,104.0000,39.2606,49.5024
63.0000,104.0000,39.2606,49.5024
63.0000,104.0000,39.2606,49.5024
59.0000,104.0000,39.2606,49.5024
59.0000,104.0000,39.2606,49.5024
59.0000,104.0000,39.2606,49.5024
59.0000,104.0000,39.2606,49.5024
59.0000,104.0000,39.2606,49.5024
59.0000,104.0000,39.2606,49.5024
59.0000,104.0000,39.2606,49.5024
59.0000,108.0000,40.0458,50.4925
59.0000,108.0000,40.0458,50.4925
63.0000,108.0000,39.2606,49.5024
64.0000,109.0000,38.4907,48.5318
64.0000,109.0000,38.4907,48.5318
64.0000,109.0000,37.7360,47.5802
64.0000,109.0000,37.7360,47.5802
65.0000,110.0000,36.9961,46.6473
60.0000,109.0000,37.7360,47.5802
60.0000,109.0000,37.7360,47.5802
60.0000,105.0000,37.7360,47.5802
60.0000,105.0000,37.7360,47.5802
60.0000,105.0000,37.7360,47.5802
60.0000,105.0000,37.7360,47.5802
60.0000,105.0000,37.7360,47.5802
60.0000,105.0000,37.7360,47.5802
60.0000,105.0000,37.7360,47.5802
60.0000,101.0000,38.4907,48.5318
64.0000,101.0000,38.4907,48.5318
63.0000,100.0000,39.2606,49.5024
67.0000,100.0000,39.2606,49.5024
67.0000,100.0000,39.2606,49.5024
67.0000,96.0000,40.0458,50.4925
67.0000,95.0000,40.8467,51.5023
66.0000,95.0000,41.6636,52.5324
66.0000,95.0000,41.6636,52.5324
71.0000,95.0000,40.8467,51.5023
71.0000,95.0000,40.8467,51.5023
70.0000,95.0000,41.6636,52.5324
75.0000,91.0000,40.8467,51.5023
74.0000,91.0000,41.6636,52.5324
79.0000,91.0000,40.8467,51.5023
83.0000,92.0000,40.0458,50.4925
83.0000,92.0000,40.0458,50.4925
87.0000,92.0000,39.2606,49.5024
87.0000,96.0000,40.0458,50.4925
91.0000,96.0000,40.0458,50.4925
91.0000,100.0000,40.0458,50.4925
95.0000,103.0000,40.8467,51.5023
99.0000,103.0000,40.8467,51.5023
99.0000,103.0000,40.8467,51.5023
102.0000,107.0000,41.6636,52.5324
106.0000,110.0000,42.4969,53.5830
110.0000,114.0000,42.4969,53.5830
109.0000,114.0000,43.3468,54.6547
113.0000,114.0000,43.3468,54.6547
113.0000,114.0000,43.3468,54.6547
113.0000,114.0000,43.3468,54.6547
109.0000,114.0000,43.3468,54.6547
109.0000,106.0000,43.3468,54.6547
109.0000,106.0000,43.3468,54.6547
105.0000,106.0000,43.3468,54.6547
101.0000,106.0000,43.3468,54.6547
97.0000,102.0000,43.3468,54.6547
93.0000,102.0000,43.3468,54.6547
85.0000,97.0000,44.2138,55.7478
85.0000,97.0000,44.2138,55.7478
76.0000,97.0000,45.0980,56.8627
72.0000,93.0000,45.0980,56.8627
73.0000,93.0000,44.2138,55.7478
69.0000,93.0000,44.2138,55.7478
73.0000,93.0000,44.2138,55.7478
73.0000,93.0000,44.2138,55.7478
76.0000,93.0000,45.0980,56.8627
80.0000,97.0000,45.0980,56.8627
84.0000,97.0000,45.0980,56.8627
88.0000,97.0000,45.0980,56.8627
88.0000,100.0000,46.0000,58.0000
92.0000,104.0000,46.0000,58.0000
92.0000,108.0000,46.0000,58.0000
96.0000,108.0000,46.0000,58.0000
96.0000,112.0000,46.0000,58.0000
100.0000,112.0000,46.0000,58.0000
100.0000,112.0000,46.0000,58.0000
104.0000,113.0000,45.0980,56.8627
104.0000,113.0000,45.0980,56.8627
108.0000,113.0000,45.0980,56.8627
108.0000,105.0000,45.0980,56.8627
112.0000,105.0000,45.0980,56.8627
112.0000,101.0000,45.0980,56.8627
112.0000,93.0000,45.0980,56.8627
117.0000,93.0000,44.2138,55.7478
117.0000,89.0000,44.2138,55.7478
113.0000,85.0000,44.2138,55.7478
113.0000,85.0000,44.2138,55.7478
109.0000,81.0000,44.2138,55.7478
109.0000,78.0000,43.3468,54.6547
105.0000,74.0000,43.3468,54.6547
101.0000,70.0000,43.3468,54.6547
97.0000,69.0000,44.2138,55.7478
97.0000,66.0000,43.3468,54.6547
93.0000,66.0000,43.3468,54.6547
89.0000,62.0000,43.3468,54.6547
89.0000,62.0000,43.3468,54.6547
89.0000,62.0000,43.3468,54.6547
89.0000,62.0000,43.3468,54.6547
85.0000,61.0000,44.2138,55.7478
85.0000,65.0000,44.2138,55.7478
85.0000,65.0000,44.2138,55.7478
80.0000,69.0000,45.0980,56.8627
80.0000,69.0000,45.0980,56.8627
80.0000,69.0000,45.0980,56.8627
76.0000,72.0000,46.0000,58.0000
76.0000,76.0000,46.0000,58.0000
76.0000,76.0000,46.0000,58.0000
76.0000,80.0000,46.0000,58.0000
76.0000,79.0000,46.9200,59.1600
75.0000,83.0000,47.8584,60.3432
79.0000,83.0000,47.8584,60.3432
79.0000,82.0000,48.8156,61.5501
83.0000,86.0000,48.8156,61.5501
