83.0000,200.0000,35.0000,131.0000
82.0000,199.0000,35.0000,131.0000
87.0000,201.0000,34.3137,128.4314
90.0000,199.0000,35.0000,131.0000
94.0000,199.0000,35.0000,131.0000
102.0000,199.0000,35.0000,131.0000
107.0000,201.0000,34.3137,128.4314
107.0000,201.0000,34.3137,128.4314
111.0000,202.0000,33.6409,125.9131
111.0000,202.0000,33.6409,125.9131
116.0000,203.0000,32.9813,123.4442
119.0000,202.0000,33.6409,125.9131
119.0000,202.0000,33.6409,125.9131
123.0000,202.0000,33.6409,125.9131
127.0000,205.0000,34.3137,128.4314
130.0000,203.0000,35.0000,131.0000
134.0000,203.0000,35.0000,131.0000
138.0000,203.0000,35.0000,131.0000
142.0000,202.0000,35.7000,133.6200
145.0000,199.0000,37.1423,139.0182
150.0000,201.0000,36.4140,136.2924
150.0000,197.0000,36.4140,136.2924
154.0000,198.0000,35.7000,133.6200
158.0000,198.0000,35.7000,133.6200
162.0000,198.0000,35.7000,133.6200
162.0000,198.0000,35.7000,133.6200
166.0000,198.0000,35.7000,133.6200
170.0000,198.0000,35.7000,133.6200
174.0000,198.0000,35.7000,133.6200
178.0000,197.0000,36.4140,136.2924
181.0000,195.0000,37.1423,139.0182
182.0000,193.0000,36.4140,136.2924
186.0000,194.0000,35.7000,133.6200
190.0000,193.0000,36.4140,136.2924
190.0000,194.0000,35.7000,133.6200
194.0000,193.0000,36.4140,136.2924
198.0000,193.0000,36.4140,136.2924
206.0000,193.0000,36.4140,136.2924
210.0000,193.0000,36.4140,136.2924
213.0000,191.0000,37.1423,139.0182
221.0000,190.0000,37.8851,141.7986
225.0000,187.0000,37.1423,139.0182
229.0000,186.0000,37.8851,141.7986
233.0000,187.0000,37.1423,139.0182
233.0000,187.0000,37.1423,139.0182
237.0000,187.0000,37.1423,139.0182
241.0000,187.0000,37.1423,139.0182
245.0000,187.0000,37.1423,139.0182
250.0000,189.0000,36.4140,136.2924
257.0000,187.0000,37.1423,139.0182
261.0000,186.0000,37.8851,141.7986
265.0000,187.0000,37.1423,139.0182
269.0000,187.0000,37.1423,139.0182
277.0000,187.0000,37.1423,139.0182
281.0000,187.0000,37.1423,139.0182
285.0000,187.0000,37.1423,139.0182
290.0000,189.0000,36.4140,136.2924
293.0000,191.0000,37.1423,139.0182
301.0000,190.0000,37.8851,141.7986
305.0000,190.0000,37.8851,141.7986
309.0000,191.0000,37.1423,139.0182
313.0000,190.0000,37.8851,141.7986
317.0000,189.0000,38.6428,144.6346
324.0000,187.0000,39.4157,147.5273
324.0000,187.0000,39.4157,147.5273
328.0000,187.0000,39.4157,147.5273
332.0000,187.0000,39.4157,147.5273
341.0000,189.0000,38.6428,144.6346
345.0000,190.0000,37.8851,141.7986
349.0000,191.0000,37.1423,139.0182
353.0000,191.0000,37.1423,139.0182
357.0000,191.0000,37.1423,139.0182
361.0000,191.0000,37.1423,139.0182
365.0000,191.0000,37.1423,139.0182
369.0000,191.0000,37.1423,139.0182
373.0000,193.0000,38.6428,144.6346
377.0000,193.0000,38.6428,144.6346
381.0000,193.0000,38.6428,144.6346
385.0000,194.0000,37.8851,141.7986
389.0000,195.0000,37.1423,139.0182
390.0000,197.0000,36.4140,136.2924
394.0000,198.0000,35.7000,133.6200
394.0000,193.0000,36.4140,136.2924
393.0000,191.0000,37.1423,139.0182
389.0000,190.0000,37.8851,141.7986
389.0000,190.0000,37.8851,141.7986
385.0000,190.0000,37.8851,141.7986
385.0000,191.0000,37.1423,139.0182
381.0000,195.0000,37.1423,139.0182
381.0000,194.0000,37.8851,141.7986
381.0000,194.0000,37.8851,141.7986
377.0000,194.0000,37.8851,141.7986
373.0000,195.0000,37.1423,139.0182
369.0000,195.0000,37.1423,139.0182
365.0000,195.0000,37.1423,139.0182
365.0000,195.0000,37.1423,139.0182
361.0000,199.0000,37.1423,139.0182
362.0000,201.0000,36.4140,136.2924
362.0000,201.0000,36.4140,136.2924
366.0000,202.0000,35.7000,133.6200
366.0000,201.0000,36.4140,136.2924
366.0000,201.0000,36.4140,136.2924
365.0000,199.0000,37.1423,139.0182
365.0000,199.0000,37.1423,139.0182
365.0000,199.0000,37.1423,139.0182
366.0000,201.0000,36.4140,136.2924
365.0000,203.0000,37.1423,139.0182
365.0000,203.0000,37.1423,139.0182
366.0000,205.0000,36.4140,136.2924
365.0000,207.0000,37.1423,139.0182
365.0000,207.0000,37.1423,139.0182
365.0000,207.0000,37.1423,139.0182
365.0000,207.0000,37.1423,139.0182
365.0000,207.0000,37.1423,139.0182
369.0000,207.0000,37.1423,139.0182
370.0000,205.0000,36.4140,136.2924
370.0000,205.0000,36.4140,136.2924
370.0000,205.0000,36.4140,136.2924
370.0000,206.0000,35.7000,133.6200
374.0000,209.0000,36.4140,136.2924
374.0000,209.0000,36.4140,136.2924
374.0000,209.0000,36.4140,136.2924
378.0000,210.0000,35.7000,133.6200
382.0000,211.0000,35.0000,131.0000
386.0000,211.0000,35.0000,131.0000
390.0000,211.0000,35.0000,131.0000
394.0000,211.0000,35.0000,131.0000
402.0000,211.0000,35.0000,131.0000
410.0000,211.0000,35.0000,131.0000
418.0000,210.0000,35.7000,133.6200
426.0000,210.0000,35.7000,133.6200
434.0000,210.0000,35.7000,133.6200
442.0000,210.0000,35.7000,133.6200
450.0000,210.0000,35.7000,133.6200
458.0000,210.0000,35.7000,133.6200
466.0000,210.0000,35.7000,133.6200
470.0000,210.0000,35.7000,133.6200
470.0000,210.0000,35.7000,133.6200
474.0000,210.0000,35.7000,133.6200
478.0000,209.0000,36.4140,136.2924
482.0000,209.0000,36.4140,136.2924
486.0000,209.0000,36.4140,136.2924
490.0000,209.0000,36.4140,136.2924
494.0000,209.0000,36.4140,136.2924
498.0000,209.0000,36.4140,136.2924
506.0000,209.0000,36.4140,136.2924
510.0000,209.0000,36.4140,136.2924
518.0000,209.0000,36.4140,136.2924
518.0000,209.0000,36.4140,136.2924
522.0000,209.0000,36.4140,136.2924
522.0000,209.0000,36.4140,136.2924
522.0000,209.0000,36.4140,136.2924
518.0000,209.0000,36.4140,136.2924
514.0000,209.0000,36.4140,136.2924
505.0000,207.0000,37.1423,139.0182
497.0000,206.0000,37.8851,141.7986
489.0000,206.0000,37.8851,141.7986
481.0000,206.0000,37.8851,141.7986
473.0000,207.0000,37.1423,139.0182
470.0000,209.0000,36.4140,136.2924
462.0000,209.0000,36.4140,136.2924
458.0000,209.0000,36.4140,136.2924
454.0000,209.0000,36.4140,136.2924
449.0000,203.0000,37.1423,139.0182
449.0000,203.0000,37.1423,139.0182
449.0000,203.0000,37.1423,139.0182
449.0000,203.0000,37.1423,139.0182
449.0000,202.0000,37.8851,141.7986
449.0000,201.0000,38.6428,144.6346
449.0000,197.0000,38.6428,144.6346
449.0000,197.0000,38.6428,144.6346
445.0000,198.0000,37.8851,141.7986
441.0000,198.0000,37.8851,141.7986
441.0000,198.0000,37.8851,141.7986
437.0000,198.0000,37.8851,141.7986
437.0000,194.0000,37.8851,141.7986
433.0000,195.0000,37.1423,139.0182
433.0000,195.0000,37.1423,139.0182
429.0000,195.0000,37.1423,139.0182
429.0000,195.0000,37.1423,139.0182
425.0000,195.0000,37.1423,139.0182
421.0000,195.0000,37.1423,139.0182
417.0000,195.0000,37.1423,139.0182
413.0000,195.0000,37.1423,139.0182
409.0000,194.0000,37.8851,141.7986
409.0000,190.0000,37.8851,141.7986
405.0000,194.0000,37.8851,141.7986
405.0000,194.0000,37.8851,141.7986
405.0000,194.0000,37.8851,141.7986
401.0000,194.0000,37.8851,141.7986
397.0000,194.0000,37.8851,141.7986
393.0000,194.0000,37.8851,141.7986
389.0000,194.0000,37.8851,141.7986
385.0000,193.0000,38.6428,144.6346
385.0000,193.0000,38.6428,144.6346
381.0000,193.0000,38.6428,144.6346
381.0000,193.0000,38.6428,144.6346
377.0000,193.0000,38.6428,144.6346
377.0000,193.0000,38.6428,144.6346
377.0000,193.0000,38.6428,144.6346
373.0000,193.0000,38.6428,144.6346
369.0000,193.0000,38.6428,144.6346
369.0000,193.0000,38.6428,144.6346
365.0000,193.0000,38.6428,144.6346
365.0000,193.0000,38.6428,144.6346
365.0000,193.0000,38.6428,144.6346
365.0000,193.0000,38.6428,144.6346
365.0000,193.0000,38.6428,144.6346
365.0000,193.0000,38.6428,144.6346
365.0000,193.0000,38.6428,144.6346
361.0000,193.0000,38.6428,144.6346
361.0000,193.0000,38.6428,144.6346
357.0000,193.0000,38.6428,144.6346
357.0000,193.0000,38.6428,144.6346
357.0000,193.0000,38.6428,144.6346
353.0000,193.0000,38.6428,144.6346
353.0000,193.0000,38.6428,144.6346
353.0000,189.0000,38.6428,144.6346
349.0000,190.0000,37.8851,141.7986
349.0000,190.0000,37.8851,141.7986
345.0000,190.0000,37.8851,141.7986
341.0000,190.0000,37.8851,141.7986
341.0000,190.0000,37.8851,141.7986
341.0000,190.0000,37.8851,141.7986
341.0000,190.0000,37.8851,141.7986
341.0000,190.0000,37.8851,141.7986
337.0000,190.0000,37.8851,141.7986
333.0000,190.0000,37.8851,141.7986
333.0000,190.0000,37.8851,141.7986
329.0000,190.0000,37.8851,141.7986
325.0000,190.0000,37.8851,141.7986
325.0000,190.0000,37.8851,141.7986
321.0000,190.0000,37.8851,141.7986
321.0000,190.0000,37.8851,141.7986
321.0000,190.0000,37.8851,141.7986
317.0000,190.0000,37.8851,141.7986
317.0000,190.0000,37.8851,141.7986
317.0000,186.0000,37.8851,141.7986
317.0000,186.0000,37.8851,141.7986
313.0000,186.0000,37.8851,141.7986
313.0000,182.0000,37.8851,141.7986
309.0000,183.0000,37.1423,139.0182
305.0000,179.0000,37.1423,139.0182
305.0000,179.0000,37.1423,139.0182
302.0000,181.0000,36.4140,136.2924
302.0000,181.0000,36.4140,136.2924
298.0000,181.0000,36.4140,136.2924
294.0000,182.0000,35.7000,133.6200
290.0000,182.0000,35.7000,133.6200
286.0000,186.0000,35.7000,133.6200
278.0000,186.0000,35.7000,133.6200
274.0000,186.0000,35.7000,133.6200
