129.0000,80.0000,64.0000,78.0000
129.0000,80.0000,64.0000,78.0000
129.0000,84.0000,64.0000,78.0000
125.0000,88.0000,64.0000,78.0000
122.0000,89.0000,62.7451,76.4706
122.0000,89.0000,62.7451,76.4706
118.0000,86.0000,61.5148,74.9712
118.0000,82.0000,61.5148,74.9712
118.0000,77.0000,62.7451,76.4706
114.0000,77.0000,62.7451,76.4706
114.0000,77.0000,62.7451,76.4706
106.0000,78.0000,61.5148,74.9712
103.0000,78.0000,60.3086,73.5011
95.0000,83.0000,59.1261,72.0599
91.0000,82.0000,60.3086,73.5011
91.0000,78.0000,60.3086,73.5011
89.0000,76.0000,64.0000,78.0000
92.0000,74.0000,66.5856,81.1512
91.0000,74.0000,67.9173,82.7742
90.0000,72.0000,70.6612,86.1183
94.0000,77.0000,69.2757,84.4297
96.0000,78.0000,66.5856,81.1512
95.0000,78.0000,67.9173,82.7742
95.0000,82.0000,67.9173,82.7742
102.0000,85.0000,62.7451,76.4706
102.0000,85.0000,62.7451,76.4706
102.0000,85.0000,62.7451,76.4706
102.0000,82.0000,61.5148,74.9712
105.0000,76.0000,64.0000,78.0000
108.0000,71.0000,65.2800,79.5600
117.0000,68.0000,64.0000,78.0000
116.0000,66.0000,66.5856,81.1512
119.0000,66.0000,67.9173,82.7742
122.0000,65.0000,69.2757,84.4297
128.0000,66.0000,66.5856,81.1512
127.0000,66.0000,67.9173,82.7742
128.0000,70.0000,66.5856,81.1512
128.0000,70.0000,66.5856,81.1512
124.0000,66.0000,66.5856,81.1512
120.0000,63.0000,65.2800,79.5600
116.0000,62.0000,66.5856,81.1512
116.0000,63.0000,65.2800,79.5600
109.0000,68.0000,64.0000,78.0000
101.0000,72.0000,64.0000,78.0000
96.0000,74.0000,66.5856,81.1512
91.0000,74.0000,67.9173,82.7742
86.0000,73.0000,69.2757,84.4297
87.0000,74.0000,67.9173,82.7742
83.0000,74.0000,67.9173,82.7742
82.0000,72.0000,70.6612,86.1183
82.0000,65.0000,69.2757,84.4297
87.0000,62.0000,67.9173,82.7742
90.0000,61.0000,69.2757,84.4297
90.0000,61.0000,69.2757,84.4297
96.0000,66.0000,66.5856,81.1512
95.0000,74.0000,67.9173,82.7742
99.0000,74.0000,67.9173,82.7742
104.0000,78.0000,66.5856,81.1512
108.0000,82.0000,66.5856,81.1512
112.0000,79.0000,65.2800,79.5600
116.0000,75.0000,65.2800,79.5600
120.0000,71.0000,65.2800,79.5600
124.0000,66.0000,66.5856,81.1512
123.0000,62.0000,67.9173,82.7742
122.0000,61.0000,69.2757,84.4297
122.0000,64.0000,70.6612,86.1183
118.0000,69.0000,69.2757,84.4297
119.0000,74.0000,67.9173,82.7742
115.0000,74.0000,67.9173,82.7742
115.0000,74.0000,67.9173,82.7742
116.0000,75.0000,65.2800,79.5600
116.0000,71.0000,65.2800,79.5600
116.0000,70.0000,66.5856,81.1512
116.0000,70.0000,66.5856,81.1512
116.0000,71.0000,65.2800,79.5600
117.0000,80.0000,64.0000,78.0000
113.0000,80.0000,64.0000,78.0000
114.0000,81.0000,62.7451,76.4706
114.0000,82.0000,61.5148,74.9712
114.0000,86.0000,61.5148,74.9712
110.0000,85.0000,62.7451,76.4706
110.0000,81.0000,62.7451,76.4706
106.0000,78.0000,61.5148,74.9712
103.0000,74.0000,60.3086,73.5011
103.0000,74.0000,60.3086,73.5011
103.0000,79.0000,59.1261,72.0599
104.0000,84.0000,57.9668,70.6470
104.0000,88.0000,57.9668,70.6470
103.0000,91.0000,59.1261,72.0599
107.0000,95.0000,59.1261,72.0599
112.0000,96.0000,57.9668,70.6470
111.0000,91.0000,59.1261,72.0599
115.0000,82.0000,60.3086,73.5011
114.0000,73.0000,62.7451,76.4706
117.0000,68.0000,64.0000,78.0000
120.0000,67.0000,65.2800,79.5600
124.0000,67.0000,65.2800,79.5600
124.0000,71.0000,65.2800,79.5600
124.0000,70.0000,66.5856,81.1512
128.0000,71.0000,65.2800,79.5600
128.0000,71.0000,65.2800,79.5600
128.0000,71.0000,65.2800,79.5600
128.0000,71.0000,65.2800,79.5600
128.0000,71.0000,65.2800,79.5600
129.0000,72.0000,64.0000,78.0000
130.0000,70.0000,61.5148,74.9712
131.0000,74.0000,60.3086,73.5011
127.0000,79.0000,59.1261,72.0599
123.0000,79.0000,59.1261,72.0599
119.0000,79.0000,59.1261,72.0599
115.0000,83.0000,59.1261,72.0599
111.0000,86.0000,60.3086,73.5011
107.0000,83.0000,59.1261,72.0599
107.0000,79.0000,59.1261,72.0599
107.0000,78.0000,60.3086,73.5011
106.0000,78.0000,61.5148,74.9712
106.0000,74.0000,61.5148,74.9712
106.0000,74.0000,61.5148,74.9712
106.0000,78.0000,61.5148,74.9712
106.0000,77.0000,62.7451,76.4706
110.0000,82.0000,61.5148,74.9712
110.0000,82.0000,61.5148,74.9712
110.0000,81.0000,62.7451,76.4706
113.0000,76.0000,64.0000,78.0000
113.0000,72.0000,64.0000,78.0000
117.0000,72.0000,64.0000,78.0000
117.0000,68.0000,64.0000,78.0000
121.0000,68.0000,64.0000,78.0000
125.0000,68.0000,64.0000,78.0000
125.0000,68.0000,64.0000,78.0000
125.0000,68.0000,64.0000,78.0000
129.0000,68.0000,64.0000,78.0000
129.0000,68.0000,64.0000,78.0000
128.0000,67.0000,65.2800,79.5600
124.0000,67.0000,65.2800,79.5600
124.0000,67.0000,65.2800,79.5600
124.0000,62.0000,66.5856,81.1512
124.0000,58.0000,66.5856,81.1512
124.0000,58.0000,66.5856,81.1512
124.0000,58.0000,66.5856,81.1512
120.0000,54.0000,66.5856,81.1512
116.0000,54.0000,66.5856,81.1512
116.0000,54.0000,66.5856,81.1512
112.0000,58.0000,66.5856,81.1512
108.0000,62.0000,66.5856,81.1512
104.0000,62.0000,66.5856,81.1512
104.0000,58.0000,66.5856,81.1512
104.0000,54.0000,66.5856,81.1512
104.0000,50.0000,66.5856,81.1512
100.0000,51.0000,65.2800,79.5600
100.0000,47.0000,65.2800,79.5600
100.0000,47.0000,65.2800,79.5600
100.0000,46.0000,66.5856,81.1512
100.0000,50.0000,66.5856,81.1512
104.0000,54.0000,66.5856,81.1512
104.0000,58.0000,66.5856,81.1512
104.0000,62.0000,66.5856,81.1512
104.0000,62.0000,66.5856,81.1512
108.0000,58.0000,66.5856,81.1512
107.0000,58.0000,67.9173,82.7742
106.0000,53.0000,69.2757,84.4297
106.0000,52.0000,70.6612,86.1183
105.0000,47.0000,72.0744,87.8407
104.0000,46.0000,73.5159,89.5975
104.0000,46.0000,73.5159,89.5975
104.0000,46.0000,73.5159,89.5975
102.0000,48.0000,70.6612,86.1183
102.0000,53.0000,69.2757,84.4297
103.0000,58.0000,67.9173,82.7742
103.0000,62.0000,67.9173,82.7742
104.0000,62.0000,66.5856,81.1512
104.0000,62.0000,66.5856,81.1512
108.0000,59.0000,65.2800,79.5600
108.0000,55.0000,65.2800,79.5600
109.0000,52.0000,64.0000,78.0000
105.0000,48.0000,64.0000,78.0000
105.0000,48.0000,64.0000,78.0000
105.0000,48.0000,64.0000,78.0000
106.0000,49.0000,62.7451,76.4706
110.0000,54.0000,61.5148,74.9712
111.0000,54.0000,60.3086,73.5011
111.0000,58.0000,60.3086,73.5011
111.0000,62.0000,60.3086,73.5011
107.0000,62.0000,60.3086,73.5011
103.0000,62.0000,60.3086,73.5011
99.0000,63.0000,59.1261,72.0599
95.0000,63.0000,59.1261,72.0599
95.0000,62.0000,60.3086,73.5011
91.0000,59.0000,59.1261,72.0599
87.0000,58.0000,60.3086,73.5011
83.0000,58.0000,60.3086,73.5011
83.0000,58.0000,60.3086,73.5011
83.0000,58.0000,60.3086,73.5011
87.0000,58.0000,60.3086,73.5011
91.0000,58.0000,60.3086,73.5011
95.0000,54.0000,60.3086,73.5011
95.0000,46.0000,60.3086,73.5011
99.0000,46.0000,60.3086,73.5011
98.0000,42.0000,61.5148,74.9712
102.0000,42.0000,61.5148,74.9712
110.0000,46.0000,61.5148,74.9712
110.0000,50.0000,61.5148,74.9712
118.0000,50.0000,61.5148,74.9712
122.0000,54.0000,61.5148,74.9712
122.0000,54.0000,61.5148,74.9712
126.0000,54.0000,61.5148,74.9712
126.0000,53.0000,62.7451,76.4706
130.0000,57.0000,62.7451,76.4706
130.0000,61.0000,62.7451,76.4706
129.0000,60.0000,64.0000,78.0000
133.0000,64.0000,64.0000,78.0000
133.0000,64.0000,64.0000,78.0000
133.0000,64.0000,64.0000,78.0000
129.0000,64.0000,64.0000,78.0000
124.0000,63.0000,65.2800,79.5600
120.0000,63.0000,65.2800,79.5600
116.0000,62.0000,66.5856,81.1512
112.0000,62.0000,66.5856,81.1512
103.0000,62.0000,67.9173,82.7742
102.0000,61.0000,69.2757,84.4297
98.0000,60.0000,70.6612,86.1183
93.0000,59.0000,72.0744,87.8407
92.0000,58.0000,73.5159,89.5975
92.0000,61.0000,74.9862,91.3894
96.0000,65.0000,74.9862,91.3894
100.0000,65.0000,74.9862,91.3894
104.0000,69.0000,74.9862,91.3894
108.0000,69.0000,74.9862,91.3894
112.0000,69.0000,74.9862,91.3894
120.0000,69.0000,74.9862,91.3894
120.0000,69.0000,74.9862,91.3894
124.0000,69.0000,74.9862,91.3894
128.0000,65.0000,74.9862,91.3894
132.0000,66.0000,73.5159,89.5975
132.0000,66.0000,73.5159,89.5975
133.0000,71.0000,72.0744,87.8407
134.0000,72.0000,70.6612,86.1183
130.0000,76.0000,70.6612,86.1183
130.0000,77.0000,69.2757,84.4297
130.0000,77.0000,69.2757,84.4297
131.0000,78.0000,67.9173,82.7742
131.0000,78.0000,67.9173,82.7742
135.0000,78.0000,67.9173,82.7742
135.0000,74.0000,67.9173,82.7742
140.0000,74.0000,66.5856,81.1512
140.0000,74.0000,66.5856,81.1512
144.0000,78.0000,66.5856,81.1512
144.0000,78.0000,66.5856,81.1512
144.0000,78.0000,66.5856,81.1512
143.0000,82.0000,67.9173,82.7742
138.0000,81.0000,69.2757,84.4297
138.0000,81.0000,69.2757,84.4297
134.0000,76.0000,70.6612,86.1183
129.0000,71.0000,72.0744,87.8407
125.0000,67.0000,72.0744,87.8407
124.0000,66.0000,73.5159,89.5975
124.0000,62.0000,73.5159,89.5975
125.0000,59.0000,72.0744,87.8407
125.0000,59.0000,72.0744,87.8407
125.0000,63.0000,72.0744,87.8407
126.0000,68.0000,70.6612,86.1183
126.0000,76.0000,70.6612,86.1183
125.0000,79.0000,72.0744,87.8407
124.0000,78.0000,73.5159,89.5975
128.0000,74.0000,73.5159,89.5975
128.0000,69.0000,74.9862,91.3894
132.0000,65.0000,74.9862,91.3894
132.0000,61.0000,74.9862,91.3894
131.0000,60.0000,76.4859,93.2172
131.0000,56.0000,76.4859,93.2172
131.0000,56.0000,76.4859,93.2172
132.0000,57.0000,74.9862,91.3894
132.0000,62.0000,73.5159,89.5975
133.0000,67.0000,72.0744,87.8407
129.0000,67.0000,72.0744,87.8407
125.0000,67.0000,72.0744,87.8407
121.0000,67.0000,72.0744,87.8407
118.0000,64.0000,70.6612,86.1183
109.0000,63.0000,72.0744,87.8407
105.0000,59.0000,72.0744,87.8407
97.0000,55.0000,72.0744,87.8407
89.0000,51.0000,72.0744,87.8407
85.0000,51.0000,72.0744,87.8407
85.0000,51.0000,72.0744,87.8407
80.0000,54.0000,73.5159,89.5975
80.0000,58.0000,73.5159,89.5975
80.0000,62.0000,73.5159,89.5975
80.0000,66.0000,73.5159,89.5975
84.0000,66.0000,73.5159,89.5975
88.0000,66.0000,73.5159,89.5975
92.0000,65.0000,74.9862,91.3894
100.0000,65.0000,74.9862,91.3894
108.0000,65.0000,74.9862,91.3894
108.0000,65.0000,74.9862,91.3894
108.0000,61.0000,74.9862,91.3894
104.0000,61.0000,74.9862,91.3894
100.0000,61.0000,74.9862,91.3894
96.0000,62.0000,73.5159,89.5975
88.0000,62.0000,73.5159,89.5975
84.0000,65.0000,74.9862,91.3894
72.0000,61.0000,74.9862,91.3894
64.0000,57.0000,74.9862,91.3894
60.0000,53.0000,74.9862,91.3894
52.0000,49.0000,74.9862,91.3894
43.0000,44.0000,76.4859,93.2172
42.0000,43.0000,78.0156,95.0816
42.0000,43.0000,78.0156,95.0816
42.0000,47.0000,78.0156,95.0816
43.0000,56.0000,76.4859,93.2172
39.0000,60.0000,76.4859,93.2172
35.0000,64.0000,76.4859,93.2172
31.0000,68.0000,76.4859,93.2172
23.0000,68.0000,76.4859,93.2172
19.0000,68.0000,76.4859,93.2172
10.0000,63.0000,78.0156,95.0816
9.0000,59.0000,79.5760,96.9832
9.0000,51.0000,79.5760,96.9832
13.0000,51.0000,79.5760,96.9832
17.0000,51.0000,79.5760,96.9832
21.0000,55.0000,79.5760,96.9832
26.0000,59.0000,78.0156,95.0816
26.0000,63.0000,78.0156,95.0816
35.0000,64.0000,76.4859,93.2172
40.0000,69.0000,74.9862,91.3894
44.0000,69.0000,74.9862,91.3894
48.0000,65.0000,74.9862,91.3894
56.0000,62.0000,73.5159,89.5975
60.0000,54.0000,73.5159,89.5975
68.0000,50.0000,73.5159,89.5975
76.0000,42.0000,73.5159,89.5975
84.0000,42.0000,73.5159,89.5975
88.0000,46.0000,73.5159,89.5975
88.0000,50.0000,73.5159,89.5975
92.0000,54.0000,73.5159,89.5975
92.0000,53.0000,74.9862,91.3894
96.0000,54.0000,73.5159,89.5975
96.0000,58.0000,73.5159,89.5975
96.0000,58.0000,73.5159,89.5975
96.0000,57.0000,74.9862,91.3894
96.0000,53.0000,74.9862,91.3894
96.0000,53.0000,74.9862,91.3894
95.0000,48.0000,76.4859,93.2172
90.0000,51.0000,78.0156,95.0816
89.0000,51.0000,79.5760,96.9832
89.0000,51.0000,79.5760,96.9832
84.0000,50.0000,81.1675,98.9229
84.0000,50.0000,81.1675,98.9229
84.0000,50.0000,81.1675,98.9229
88.0000,50.0000,81.1675,98.9229
92.0000,46.0000,81.1675,98.9229
96.0000,42.0000,81.1675,98.9229
100.0000,42.0000,81.1675,98.9229
100.0000,38.0000,81.1675,98.9229
105.0000,43.0000,79.5760,96.9832
106.0000,51.0000,78.0156,95.0816
106.0000,55.0000,78.0156,95.0816
107.0000,60.0000,76.4859,93.2172
108.0000,65.0000,74.9862,91.3894
104.0000,61.0000,74.9862,91.3894
104.0000,57.0000,74.9862,91.3894
108.0000,53.0000,74.9862,91.3894
112.0000,49.0000,74.9862,91.3894
116.0000,49.0000,74.9862,91.3894
116.0000,50.0000,73.5159,89.5975
117.0000,55.0000,72.0744,87.8407
118.0000,60.0000,70.6612,86.1183
110.0000,61.0000,69.2757,84.4297
107.0000,62.0000,67.9173,82.7742
99.0000,62.0000,67.9173,82.7742
91.0000,58.0000,67.9173,82.7742
87.0000,54.0000,67.9173,82.7742
88.0000,50.0000,66.5856,81.1512
92.0000,47.0000,65.2800,79.5600
92.0000,47.0000,65.2800,79.5600
92.0000,51.0000,65.2800,79.5600
92.0000,55.0000,65.2800,79.5600
92.0000,55.0000,65.2800,79.5600
88.0000,55.0000,65.2800,79.5600
88.0000,59.0000,65.2800,79.5600
84.0000,59.0000,65.2800,79.5600
80.0000,55.0000,65.2800,79.5600
84.0000,55.0000,65.2800,79.5600
88.0000,51.0000,65.2800,79.5600
92.0000,51.0000,65.2800,79.5600
100.0000,51.0000,65.2800,79.5600
104.0000,55.0000,65.2800,79.5600
112.0000,59.0000,65.2800,79.5600
120.0000,55.0000,65.2800,79.5600
124.0000,55.0000,65.2800,79.5600
128.0000,51.0000,65.2800,79.5600
128.0000,51.0000,65.2800,79.5600
132.0000,51.0000,65.2800,79.5600
132.0000,47.0000,65.2800,79.5600
132.0000,43.0000,65.2800,79.5600
132.0000,39.0000,65.2800,79.5600
132.0000,39.0000,65.2800,79.5600
133.0000,40.0000,64.0000,78.0000
138.0000,49.0000,62.7451,76.4706
134.0000,53.0000,62.7451,76.4706
130.0000,57.0000,62.7451,76.4706
130.0000,62.0000,61.5148,74.9712
123.0000,62.0000,60.3086,73.5011
119.0000,58.0000,60.3086,73.5011
119.0000,55.0000,59.1261,72.0599
123.0000,51.0000,59.1261,72.0599
127.0000,51.0000,59.1261,72.0599
128.0000,52.0000,57.9668,70.6470
129.0000,52.0000,56.8302,69.2618
129.0000,52.0000,56.8302,69.2618
129.0000,56.0000,56.8302,69.2618
129.0000,56.0000,56.8302,69.2618
133.0000,60.0000,56.8302,69.2618
133.0000,60.0000,56.8302,69.2618
137.0000,60.0000,56.8302,69.2618
136.0000,52.0000,57.9668,70.6470
136.0000,52.0000,57.9668,70.6470
141.0000,52.0000,56.8302,69.2618
145.0000,61.0000,55.7159,67.9037
146.0000,66.0000,54.6234,66.5722
142.0000,66.0000,54.6234,66.5722
138.0000,66.0000,54.6234,66.5722
134.0000,66.0000,54.6234,66.5722
134.0000,70.0000,53.5523,65.2669
131.0000,67.0000,52.5023,63.9872
131.0000,68.0000,51.4728,62.7325
128.0000,64.0000,50.4636,61.5025
124.0000,60.0000,50.4636,61.5025
124.0000,60.0000,50.4636,61.5025
120.0000,52.0000,50.4636,61.5025
120.0000,48.0000,50.4636,61.5025
120.0000,48.0000,50.4636,61.5025
116.0000,52.0000,50.4636,61.5025
116.0000,56.0000,50.4636,61.5025
116.0000,56.0000,50.4636,61.5025
112.0000,60.0000,50.4636,61.5025
112.0000,64.0000,50.4636,61.5025
108.0000,65.0000,49.4741,60.2965
108.0000,65.0000,49.4741,60.2965
112.0000,65.0000,49.4741,60.2965
116.0000,65.0000,49.4741,60.2965
124.0000,69.0000,49.4741,60.2965
132.0000,65.0000,49.4741,60.2965
136.0000,65.0000,49.4741,60.2965
140.0000,65.0000,49.4741,60.2965
140.0000,65.0000,49.4741,60.2965
140.0000,69.0000,49.4741,60.2965
144.0000,69.0000,49.4741,60.2965
148.0000,65.0000,49.4741,60.2965
148.0000,65.0000,49.4741,60.2965
148.0000,65.0000,49.4741,60.2965
144.0000,60.0000,50.4636,61.5025
140.0000,60.0000,50.4636,61.5025
140.0000,60.0000,50.4636,61.5025
140.0000,64.0000,50.4636,61.5025
140.0000,68.0000,50.4636,61.5025
140.0000,68.0000,50.4636,61.5025
140.0000,68.0000,50.4636,61.5025
144.0000,72.0000,50.4636,61.5025
148.0000,72.0000,50.4636,61.5025
148.0000,72.0000,50.4636,61.5025
148.0000,76.0000,50.4636,61.5025
152.0000,76.0000,50.4636,61.5025
152.0000,76.0000,50.4636,61.5025
152.0000,76.0000,50.4636,61.5025
152.0000,76.0000,50.4636,61.5025
148.0000,76.0000,50.4636,61.5025
144.0000,76.0000,50.4636,61.5025
144.0000,76.0000,50.4636,61.5025
140.0000,72.0000,50.4636,61.5025
136.0000,72.0000,50.4636,61.5025
132.0000,72.0000,50.4636,61.5025
128.0000,72.0000,50.4636,61.5025
124.0000,72.0000,50.4636,61.5025
124.0000,72.0000,50.4636,61.5025
124.0000,72.0000,50.4636,61.5025
124.0000,72.0000,50.4636,61.5025
124.0000,68.0000,50.4636,61.5025
124.0000,68.0000,50.4636,61.5025
128.0000,68.0000,50.4636,61.5025
128.0000,68.0000,50.4636,61.5025
128.0000,68.0000,50.4636,61.5025
128.0000,64.0000,50.4636,61.5025
128.0000,64.0000,50.4636,61.5025
124.0000,68.0000,50.4636,61.5025
120.0000,64.0000,50.4636,61.5025
120.0000,64.0000,50.4636,61.5025
120.0000,60.0000,50.4636,61.5025
120.0000,60.0000,50.4636,61.5025
120.0000,60.0000,50.4636,61.5025
120.0000,60.0000,50.4636,61.5025
120.0000,56.0000,50.4636,61.5025
124.0000,56.0000,50.4636,61.5025
124.0000,56.0000,50.4636,61.5025
116.0000,52.0000,50.4636,61.5025
116.0000,52.0000,50.4636,61.5025
112.0000,52.0000,50.4636,61.5025
108.0000,52.0000,50.4636,61.5025
108.0000,56.0000,50.4636,61.5025
104.0000,56.0000,50.4636,61.5025
104.0000,56.0000,50.4636,61.5025
104.0000,52.0000,50.4636,61.5025
112.0000,52.0000,50.4636,61.5025
112.0000,48.0000,50.4636,61.5025
116.0000,48.0000,50.4636,61.5025
120.0000,48.0000,50.4636,61.5025
123.0000,48.0000,51.4728,62.7325
123.0000,51.0000,52.5023,63.9872
126.0000,50.0000,53.5523,65.2669
130.0000,50.0000,53.5523,65.2669
130.0000,46.0000,53.5523,65.2669
130.0000,42.0000,54.6234,66.5722
134.0000,42.0000,54.6234,66.5722
138.0000,42.0000,54.6234,66.5722
134.0000,42.0000,54.6234,66.5722
134.0000,46.0000,54.6234,66.5722
134.0000,54.0000,54.6234,66.5722
126.0000,54.0000,53.5523,65.2669
118.0000,58.0000,53.5523,65.2669
115.0000,59.0000,52.5023,63.9872
102.0000,58.0000,53.5523,65.2669
102.0000,58.0000,54.6234,66.5722
97.0000,57.0000,55.7159,67.9037
97.0000,53.0000,55.7159,67.9037
97.0000,53.0000,55.7159,67.9037
101.0000,52.0000,56.8302,69.2618
101.0000,52.0000,56.8302,69.2618
105.0000,56.0000,56.8302,69.2618
109.0000,56.0000,56.8302,69.2618
113.0000,60.0000,56.8302,69.2618
117.0000,64.0000,56.8302,69.2618
117.0000,64.0000,56.8302,69.2618
121.0000,64.0000,56.8302,69.2618
121.0000,60.0000,56.8302,69.2618
121.0000,56.0000,56.8302,69.2618
121.0000,56.0000,56.8302,69.2618
120.0000,56.0000,57.9668,70.6470
124.0000,56.0000,57.9668,70.6470
124.0000,60.0000,57.9668,70.6470
120.0000,60.0000,57.9668,70.6470
119.0000,55.0000,59.1261,72.0599
115.0000,51.0000,59.1261,72.0599
115.0000,47.0000,59.1261,72.0599
111.0000,43.0000,59.1261,72.0599
107.0000,35.0000,59.1261,72.0599
107.0000,39.0000,59.1261,72.0599
103.0000,43.0000,59.1261,72.0599
95.0000,42.0000,60.3086,73.5011
95.0000,42.0000,60.3086,73.5011
95.0000,42.0000,60.3086,73.5011
95.0000,42.0000,60.3086,73.5011
95.0000,42.0000,60.3086,73.5011
95.0000,42.0000,60.3086,73.5011
95.0000,43.0000,59.1261,72.0599
95.0000,43.0000,59.1261,72.0599
99.0000,43.0000,59.1261,72.0599
99.0000,47.0000,59.1261,72.0599
103.0000,51.0000,59.1261,72.0599
103.0000,55.0000,59.1261,72.0599
103.0000,59.0000,59.1261,72.0599
103.0000,59.0000,59.1261,72.0599
99.0000,59.0000,59.1261,72.0599
103.0000,55.0000,59.1261,72.0599
103.0000,47.0000,59.1261,72.0599
107.0000,39.0000,59.1261,72.0599
111.0000,43.0000,59.1261,72.0599
111.0000,47.0000,59.1261,72.0599
111.0000,51.0000,59.1261,72.0599
111.0000,55.0000,59.1261,72.0599
107.0000,55.0000,59.1261,72.0599
107.0000,59.0000,59.1261,72.0599
107.0000,59.0000,59.1261,72.0599
107.0000,55.0000,59.1261,72.0599
111.0000,55.0000,59.1261,72.0599
111.0000,55.0000,59.1261,72.0599
107.0000,55.0000,59.1261,72.0599
103.0000,55.0000,59.1261,72.0599
99.0000,55.0000,59.1261,72.0599
95.0000,55.0000,59.1261,72.0599
91.0000,55.0000,59.1261,72.0599
83.0000,55.0000,59.1261,72.0599
79.0000,55.0000,59.1261,72.0599
75.0000,55.0000,59.1261,72.0599
79.0000,51.0000,59.1261,72.0599
79.0000,51.0000,59.1261,72.0599
84.0000,48.0000,57.9668,70.6470
88.0000,48.0000,57.9668,70.6470
93.0000,48.0000,56.8302,69.2618
97.0000,53.0000,55.7159,67.9037
97.0000,57.0000,55.7159,67.9037
105.0000,61.0000,55.7159,67.9037
114.0000,58.0000,54.6234,66.5722
118.0000,54.0000,54.6234,66.5722
122.0000,50.0000,54.6234,66.5722
121.0000,49.0000,55.7159,67.9037
125.0000,45.0000,55.7159,67.9037
130.0000,42.0000,54.6234,66.5722
130.0000,46.0000,54.6234,66.5722
130.0000,46.0000,54.6234,66.5722
130.0000,46.0000,53.5523,65.2669
130.0000,50.0000,53.5523,65.2669
127.0000,51.0000,52.5023,63.9872
123.0000,51.0000,52.5023,63.9872
123.0000,55.0000,52.5023,63.9872
119.0000,55.0000,52.5023,63.9872
119.0000,51.0000,52.5023,63.9872
114.0000,50.0000,53.5523,65.2669
114.0000,50.0000,54.6234,66.5722
114.0000,50.0000,54.6234,66.5722
114.0000,50.0000,54.6234,66.5722
114.0000,50.0000,54.6234,66.5722
113.0000,53.0000,55.7159,67.9037
117.0000,53.0000,55.7159,67.9037
117.0000,53.0000,55.7159,67.9037
117.0000,53.0000,55.7159,67.9037
121.0000,53.0000,55.7159,67.9037
117.0000,57.0000,55.7159,67.9037
113.0000,61.0000,55.7159,67.9037
113.0000,65.0000,55.7159,67.9037
118.0000,70.0000,54.6234,66.5722
118.0000,74.0000,54.6234,66.5722
114.0000,74.0000,54.6234,66.5722
110.0000,74.0000,54.6234,66.5722
110.0000,74.0000,54.6234,66.5722
110.0000,70.0000,54.6234,66.5722
110.0000,70.0000,54.6234,66.5722
110.0000,66.0000,54.6234,66.5722
114.0000,66.0000,54.6234,66.5722
114.0000,66.0000,54.6234,66.5722
118.0000,66.0000,54.6234,66.5722
122.0000,66.0000,54.6234,66.5722
122.0000,66.0000,54.6234,66.5722
126.0000,66.0000,54.6234,66.5722
126.0000,62.0000,54.6234,66.5722
126.0000,58.0000,54.6234,66.5722
126.0000,58.0000,54.6234,66.5722
126.0000,58.0000,54.6234,66.5722
122.0000,54.0000,54.6234,66.5722
118.0000,54.0000,54.6234,66.5722
114.0000,58.0000,54.6234,66.5722
106.0000,62.0000,54.6234,66.5722
102.0000,62.0000,54.6234,66.5722
98.0000,66.0000,54.6234,66.5722
94.0000,66.0000,54.6234,66.5722
90.0000,66.0000,54.6234,66.5722
90.0000,66.0000,54.6234,66.5722
86.0000,62.0000,54.6234,66.5722
86.0000,58.0000,54.6234,66.5722
90.0000,58.0000,54.6234,66.5722
90.0000,58.0000,54.6234,66.5722
94.0000,62.0000,54.6234,66.5722
98.0000,66.0000,53.5523,65.2669
106.0000,70.0000,53.5523,65.2669
110.0000,74.0000,53.5523,65.2669
114.0000,74.0000,53.5523,65.2669
119.0000,75.0000,52.5023,63.9872
127.0000,71.0000,52.5023,63.9872
131.0000,71.0000,52.5023,63.9872
135.0000,71.0000,52.5023,63.9872
139.0000,75.0000,52.5023,63.9872
143.0000,79.0000,52.5023,63.9872
143.0000,79.0000,52.5023,63.9872
139.0000,79.0000,52.5023,63.9872
139.0000,80.0000,51.4728,62.7325
131.0000,76.0000,51.4728,62.7325
131.0000,76.0000,51.4728,62.7325
132.0000,76.0000,50.4636,61.5025
128.0000,76.0000,50.4636,61.5025
124.0000,72.0000,50.4636,61.5025
123.0000,72.0000,51.4728,62.7325
123.0000,72.0000,51.4728,62.7325
123.0000,76.0000,51.4728,62.7325
119.0000,76.0000,51.4728,62.7325
115.0000,76.0000,51.4728,62.7325
115.0000,76.0000,51.4728,62.7325
115.0000,76.0000,51.4728,62.7325
111.0000,76.0000,51.4728,62.7325
111.0000,72.0000,51.4728,62.7325
115.0000,68.0000,51.4728,62.7325
115.0000,68.0000,51.4728,62.7325
119.0000,68.0000,51.4728,62.7325
123.0000,68.0000,51.4728,62.7325
127.0000,72.0000,51.4728,62.7325
131.0000,76.0000,51.4728,62.7325
135.0000,76.0000,51.4728,62.7325
135.0000,76.0000,51.4728,62.7325
135.0000,76.0000,51.4728,62.7325
139.0000,76.0000,51.4728,62.7325
139.0000,76.0000,51.4728,62.7325
139.0000,72.0000,51.4728,62.7325
143.0000,72.0000,51.4728,62.7325
143.0000,72.0000,51.4728,62.7325
147.0000,72.0000,51.4728,62.7325
147.0000,68.0000,51.4728,62.7325
147.0000,64.0000,51.4728,62.7325
151.0000,64.0000,51.4728,62.7325
151.0000,68.0000,51.4728,62.7325
155.0000,68.0000,51.4728,62.7325
155.0000,68.0000,51.4728,62.7325
156.0000,72.0000,50.4636,61.5025
156.0000,72.0000,50.4636,61.5025
152.0000,72.0000,50.4636,61.5025
152.0000,73.0000,49.4741,60.2965
148.0000,73.0000,49.4741,60.2965
144.0000,73.0000,49.4741,60.2965
145.0000,73.0000,48.5040,59.1143
145.0000,74.0000,47.5529,57.9551
146.0000,75.0000,46.6205,56.8188
142.0000,79.0000,46.6205,56.8188
142.0000,79.0000,46.6205,56.8188
138.0000,75.0000,46.6205,56.8188
134.0000,71.0000,46.6205,56.8188
134.0000,67.0000,46.6205,56.8188
134.0000,67.0000,46.6205,56.8188
130.0000,63.0000,46.6205,56.8188
134.0000,63.0000,46.6205,56.8188
138.0000,63.0000,46.6205,56.8188
142.0000,67.0000,46.6205,56.8188
146.0000,71.0000,46.6205,56.8188
146.0000,71.0000,46.6205,56.8188
150.0000,71.0000,46.6205,56.8188
154.0000,71.0000,46.6205,56.8188
150.0000,71.0000,46.6205,56.8188
150.0000,71.0000,46.6205,56.8188
146.0000,71.0000,46.6205,56.8188
146.0000,67.0000,46.6205,56.8188
146.0000,67.0000,46.6205,56.8188
142.0000,71.0000,46.6205,56.8188
142.0000,75.0000,46.6205,56.8188
138.0000,75.0000,46.6205,56.8188
138.0000,79.0000,46.6205,56.8188
134.0000,79.0000,46.6205,56.8188
126.0000,75.0000,46.6205,56.8188
126.0000,75.0000,46.6205,56.8188
122.0000,71.0000,46.6205,56.8188
117.0000,70.0000,47.5529,57.9551
117.0000,70.0000,47.5529,57.9551
113.0000,70.0000,47.5529,57.9551
113.0000,70.0000,47.5529,57.9551
113.0000,70.0000,47.5529,57.9551
113.0000,70.0000,47.5529,57.9551
117.0000,70.0000,47.5529,57.9551
121.0000,70.0000,47.5529,57.9551
125.0000,70.0000,47.5529,57.9551
134.0000,71.0000,46.6205,56.8188
138.0000,71.0000,46.6205,56.8188
138.0000,71.0000,46.6205,56.8188
142.0000,67.0000,46.6205,56.8188
146.0000,67.0000,45.7064,55.7047
146.0000,71.0000,45.7064,55.7047
146.0000,75.0000,45.7064,55.7047
146.0000,79.0000,45.7064,55.7047
146.0000,83.0000,45.7064,55.7047
142.0000,83.0000,45.7064,55.7047
143.0000,84.0000,44.8102,54.6124
143.0000,84.0000,43.9316,53.5416
135.0000,80.0000,43.9316,53.5416
135.0000,76.0000,43.9316,53.5416
131.0000,76.0000,43.9316,53.5416
127.0000,76.0000,43.9316,53.5416
123.0000,80.0000,43.9316,53.5416
119.0000,80.0000,43.9316,53.5416
119.0000,80.0000,43.9316,53.5416
119.0000,80.0000,43.9316,53.5416
115.0000,80.0000,44.8102,54.6124
115.0000,80.0000,44.8102,54.6124
110.0000,79.0000,45.7064,55.7047
110.0000,79.0000,45.7064,55.7047
106.0000,79.0000,46.6205,56.8188
106.0000,79.0000,46.6205,56.8188
102.0000,75.0000,46.6205,56.8188
