306.0000,5.0000,95.0000,65.0000
305.0000,20.0000,95.0000,65.0000
319.0000,42.0000,91.3110,62.4760
324.0000,70.0000,89.5206,61.2510
326.0000,105.0000,93.1373,63.7255
328.0000,135.0000,98.8380,67.6260
328.0000,155.0000,98.8380,67.6260
326.0000,153.0000,95.0000,65.0000
321.0000,128.0000,96.9000,66.3000
317.0000,100.0000,96.9000,66.3000
300.0000,75.0000,98.8380,67.6260
276.0000,55.0000,98.8380,67.6260
251.0000,43.0000,100.8148,68.9785
233.0000,36.0000,96.9000,66.3000
218.0000,29.0000,95.0000,65.0000
200.0000,31.0000,98.8380,67.6260
198.0000,34.0000,102.8311,70.3581
198.0000,46.0000,102.8311,70.3581
207.0000,67.0000,100.8148,68.9785
217.0000,89.0000,104.8877,71.7653
225.0000,113.0000,104.8877,71.7653
242.0000,134.0000,102.8311,70.3581
253.0000,136.0000,96.9000,66.3000
222.0000,121.0000,95.0000,65.0000
274.0000,85.0000,93.1373,63.7255
289.0000,67.0000,87.7653,60.0500
285.0000,47.0000,87.7653,60.0500
268.0000,30.0000,89.5206,61.2510
248.0000,22.0000,89.5206,61.2510
238.0000,17.0000,93.1373,63.7255
234.0000,17.0000,95.0000,65.0000
234.0000,21.0000,95.0000,65.0000
240.0000,31.0000,98.8380,67.6260
260.0000,47.0000,98.8380,67.6260
274.0000,66.0000,102.8311,70.3581
294.0000,90.0000,102.8311,70.3581
326.0000,122.0000,102.8311,70.3581
346.0000,154.0000,102.8311,70.3581
368.0000,175.0000,98.8380,67.6260
389.0000,184.0000,96.9000,66.3000
409.0000,172.0000,96.9000,66.3000
425.0000,152.0000,96.9000,66.3000
425.0000,132.0000,96.9000,66.3000
405.0000,116.0000,96.9000,66.3000
369.0000,108.0000,96.9000,66.3000
349.0000,104.0000,96.9000,66.3000
328.0000,99.0000,98.8380,67.6260
320.0000,95.0000,98.8380,67.6260
311.0000,91.0000,100.8148,68.9785
313.0000,92.0000,96.9000,66.3000
313.0000,100.0000,96.9000,66.3000
316.0000,111.0000,98.8380,67.6260
333.0000,128.0000,96.9000,66.3000
338.0000,149.0000,95.0000,65.0000
341.0000,160.0000,96.9000,66.3000
345.0000,160.0000,96.9000,66.3000
350.0000,141.0000,95.0000,65.0000
370.0000,125.0000,95.0000,65.0000
386.0000,101.0000,93.1373,63.7255
390.0000,77.0000,95.0000,65.0000
390.0000,53.0000,93.1373,63.7255
375.0000,30.0000,91.3110,62.4760
355.0000,14.0000,91.3110,62.4760
344.0000,6.0000,89.5206,61.2510
343.0000,2.0000,91.3110,62.4760
344.0000,2.0000,89.5206,61.2510
345.0000,3.0000,87.7653,60.0500
344.0000,10.0000,89.5206,61.2510
344.0000,22.0000,89.5206,61.2510
355.0000,38.0000,91.3110,62.4760
366.0000,57.0000,93.1373,63.7255
