141.0000,34.0000,19.0000,104.0000
140.0000,34.0000,19.0000,104.0000
140.0000,34.0000,19.0000,104.0000
140.0000,34.0000,19.0000,104.0000
140.0000,34.0000,19.0000,104.0000
140.0000,34.0000,19.0000,104.0000
141.0000,35.0000,18.6275,101.9608
141.0000,35.0000,18.6275,101.9608
140.0000,34.0000,19.0000,104.0000
140.0000,34.0000,19.0000,104.0000
141.0000,35.0000,18.6275,101.9608
141.0000,35.0000,18.6275,101.9608
141.0000,36.0000,18.2622,99.9616
141.0000,36.0000,18.2622,99.9616
141.0000,36.0000,18.2622,99.9616
141.0000,34.0000,19.0000,104.0000
141.0000,34.0000,19.0000,104.0000
141.0000,34.0000,19.0000,104.0000
141.0000,34.0000,19.0000,104.0000
141.0000,35.0000,18.6275,101.9608
137.0000,36.0000,18.2622,99.9616
137.0000,38.0000,19.0000,104.0000
137.0000,38.0000,19.0000,104.0000
137.0000,38.0000,19.0000,104.0000
137.0000,40.0000,18.2622,99.9616
137.0000,41.0000,17.9041,98.0015
137.0000,40.0000,18.2622,99.9616
137.0000,38.0000,19.0000,104.0000
137.0000,38.0000,19.0000,104.0000
136.0000,36.0000,19.7676,108.2016
136.0000,40.0000,19.7676,108.2016
136.0000,40.0000,19.7676,108.2016
136.0000,40.0000,19.7676,108.2016
132.0000,41.0000,19.3800,106.0800
133.0000,42.0000,19.0000,104.0000
133.0000,44.0000,18.2622,99.9616
133.0000,43.0000,18.6275,101.9608
132.0000,41.0000,19.3800,106.0800
132.0000,39.0000,20.1630,110.3656
132.0000,41.0000,20.9775,114.8244
131.0000,38.0000,21.8250,119.4633
131.0000,37.0000,22.2615,121.8526
135.0000,44.0000,22.7068,124.2896
135.0000,46.0000,21.8250,119.4633
136.0000,49.0000,20.9775,114.8244
136.0000,49.0000,20.9775,114.8244
136.0000,51.0000,20.1630,110.3656
136.0000,53.0000,19.3800,106.0800
132.0000,56.0000,19.7676,108.2016
132.0000,54.0000,20.5662,112.5729
131.0000,51.0000,21.3971,117.1209
131.0000,51.0000,21.3971,117.1209
131.0000,52.0000,22.7068,124.2896
130.0000,51.0000,23.1609,126.7754
130.0000,49.0000,23.6241,129.3109
130.0000,53.0000,23.6241,129.3109
130.0000,52.0000,24.0966,131.8971
130.0000,52.0000,24.0966,131.8971
130.0000,52.0000,24.0966,131.8971
129.0000,49.0000,25.0701,137.2258
129.0000,48.0000,25.5715,139.9703
129.0000,48.0000,25.5715,139.9703
129.0000,48.0000,25.5715,139.9703
129.0000,48.0000,25.5715,139.9703
129.0000,48.0000,25.5715,139.9703
129.0000,48.0000,25.5715,139.9703
129.0000,47.0000,26.0829,142.7697
129.0000,45.0000,26.6046,145.6251
129.0000,45.0000,26.6046,145.6251
129.0000,41.0000,26.6046,145.6251
129.0000,43.0000,26.0829,142.7697
129.0000,44.0000,25.5715,139.9703
129.0000,41.0000,25.0701,137.2258
129.0000,36.0000,25.5715,139.9703
129.0000,36.0000,25.5715,139.9703
129.0000,27.0000,26.0829,142.7697
129.0000,25.0000,26.6046,145.6251
128.0000,20.0000,27.1367,148.5376
128.0000,20.0000,27.1367,148.5376
124.0000,14.0000,27.6794,151.5084
124.0000,12.0000,27.1367,148.5376
124.0000,9.0000,28.2330,154.5385
124.0000,5.0000,28.2330,154.5385
124.0000,-2.0000,27.6794,151.5084
124.0000,-2.0000,27.6794,151.5084
124.0000,-11.0000,28.2330,154.5385
124.0000,-10.0000,27.6794,151.5084
124.0000,-10.0000,27.6794,151.5084
128.0000,-8.0000,27.1367,148.5376
128.0000,-8.0000,27.1367,148.5376
132.0000,-12.0000,27.1367,148.5376
137.0000,-15.0000,26.6046,145.6251
141.0000,-13.0000,26.0829,142.7697
141.0000,-15.0000,26.6046,145.6251
141.0000,-15.0000,26.6046,145.6251
141.0000,-15.0000,26.6046,145.6251
141.0000,-9.0000,26.0829,142.7697
141.0000,-8.0000,25.5715,139.9703
142.0000,-5.0000,24.5785,134.5351
142.0000,-5.0000,24.5785,134.5351
145.0000,-7.0000,25.0701,137.2258
145.0000,-7.0000,25.0701,137.2258
145.0000,-7.0000,25.0701,137.2258
146.0000,-1.0000,24.5785,134.5351
146.0000,-1.0000,24.5785,134.5351
146.0000,-1.0000,24.5785,134.5351
146.0000,3.0000,24.5785,134.5351
146.0000,4.0000,24.0966,131.8971
146.0000,3.0000,24.5785,134.5351
142.0000,3.0000,24.5785,134.5351
142.0000,3.0000,24.5785,134.5351
142.0000,3.0000,24.5785,134.5351
137.0000,1.0000,25.0701,137.2258
133.0000,1.0000,25.0701,137.2258
133.0000,0.0000,25.5715,139.9703
129.0000,0.0000,25.5715,139.9703
129.0000,0.0000,25.5715,139.9703
129.0000,-1.0000,26.0829,142.7697
129.0000,-7.0000,26.6046,145.6251
129.0000,-9.0000,26.0829,142.7697
129.0000,-9.0000,26.0829,142.7697
133.0000,-9.0000,26.0829,142.7697
129.0000,-17.0000,26.0829,142.7697
129.0000,-17.0000,26.0829,142.7697
133.0000,-16.0000,25.5715,139.9703
133.0000,-19.0000,25.0701,137.2258
137.0000,-19.0000,25.0701,137.2258
138.0000,-17.0000,24.5785,134.5351
138.0000,-17.0000,24.5785,134.5351
138.0000,-17.0000,24.5785,134.5351
138.0000,-12.0000,24.0966,131.8971
138.0000,-11.0000,23.6241,129.3109
138.0000,-11.0000,23.6241,129.3109
138.0000,-11.0000,23.6241,129.3109
142.0000,-9.0000,23.1609,126.7754
142.0000,-9.0000,23.1609,126.7754
143.0000,-8.0000,22.7068,124.2896
143.0000,-8.0000,22.7068,124.2896
146.0000,-1.0000,23.1609,126.7754
146.0000,-1.0000,23.1609,126.7754
146.0000,1.0000,23.6241,129.3109
146.0000,1.0000,23.6241,129.3109
142.0000,1.0000,23.6241,129.3109
142.0000,0.0000,24.0966,131.8971
138.0000,5.0000,23.6241,129.3109
134.0000,5.0000,23.6241,129.3109
134.0000,5.0000,23.6241,129.3109
134.0000,5.0000,23.6241,129.3109
130.0000,5.0000,23.6241,129.3109
130.0000,5.0000,23.6241,129.3109
130.0000,4.0000,24.0966,131.8971
130.0000,3.0000,24.5785,134.5351
129.0000,1.0000,25.0701,137.2258
129.0000,1.0000,25.0701,137.2258
129.0000,-3.0000,25.0701,137.2258
129.0000,-3.0000,25.0701,137.2258
129.0000,-3.0000,25.0701,137.2258
129.0000,-3.0000,25.0701,137.2258
133.0000,-3.0000,25.0701,137.2258
133.0000,-3.0000,25.0701,137.2258
138.0000,-1.0000,24.5785,134.5351
138.0000,-1.0000,24.5785,134.5351
142.0000,-1.0000,24.5785,134.5351
142.0000,3.0000,24.5785,134.5351
142.0000,3.0000,24.5785,134.5351
142.0000,7.0000,24.5785,134.5351
142.0000,11.0000,24.5785,134.5351
141.0000,9.0000,25.0701,137.2258
141.0000,13.0000,25.0701,137.2258
145.0000,13.0000,25.0701,137.2258
146.0000,19.0000,24.5785,134.5351
146.0000,19.0000,24.5785,134.5351
146.0000,27.0000,24.5785,134.5351
142.0000,27.0000,24.5785,134.5351
142.0000,27.0000,24.5785,134.5351
141.0000,25.0000,25.0701,137.2258
137.0000,29.0000,25.0701,137.2258
133.0000,29.0000,25.0701,137.2258
129.0000,29.0000,25.0701,137.2258
129.0000,29.0000,25.0701,137.2258
125.0000,29.0000,25.0701,137.2258
121.0000,29.0000,25.0701,137.2258
126.0000,31.0000,24.5785,134.5351
126.0000,31.0000,24.5785,134.5351
126.0000,31.0000,24.5785,134.5351
125.0000,29.0000,25.0701,137.2258
125.0000,28.0000,25.5715,139.9703
125.0000,28.0000,25.5715,139.9703
125.0000,28.0000,25.5715,139.9703
125.0000,28.0000,25.5715,139.9703
125.0000,27.0000,26.0829,142.7697
125.0000,23.0000,26.0829,142.7697
125.0000,23.0000,26.0829,142.7697
125.0000,23.0000,26.0829,142.7697
125.0000,23.0000,26.0829,142.7697
125.0000,23.0000,26.0829,142.7697
129.0000,23.0000,26.0829,142.7697
129.0000,23.0000,26.0829,142.7697
129.0000,21.0000,26.6046,145.6251
128.0000,20.0000,27.1367,148.5376
128.0000,18.0000,27.6794,151.5084
128.0000,17.0000,28.2330,154.5385
128.0000,15.0000,28.7977,157.6293
128.0000,15.0000,28.7977,157.6293
132.0000,15.0000,28.7977,157.6293
132.0000,15.0000,28.7977,157.6293
132.0000,15.0000,28.7977,157.6293
132.0000,15.0000,28.7977,157.6293
131.0000,14.0000,29.3736,160.7819
131.0000,12.0000,29.9611,163.9975
131.0000,12.0000,29.9611,163.9975
131.0000,12.0000,29.9611,163.9975
135.0000,16.0000,29.9611,163.9975
135.0000,16.0000,29.9611,163.9975
135.0000,14.0000,30.5603,167.2775
135.0000,14.0000,30.5603,167.2775
134.0000,13.0000,31.1715,170.6230
134.0000,13.0000,31.1715,170.6230
138.0000,13.0000,31.1715,170.6230
138.0000,13.0000,31.1715,170.6230
138.0000,13.0000,31.1715,170.6230
138.0000,13.0000,31.1715,170.6230
135.0000,-6.0000,30.5603,167.2775
139.0000,-6.0000,30.5603,167.2775
139.0000,-6.0000,30.5603,167.2775
139.0000,-4.0000,29.9611,163.9975
139.0000,-4.0000,29.9611,163.9975
143.0000,-2.0000,29.3736,160.7819
147.0000,2.0000,29.3736,160.7819
148.0000,7.0000,28.7977,157.6293
148.0000,7.0000,28.7977,157.6293
